{"inv_metric":
        [
  [69.1493,-0.193432,-6.26213,-75.9953,2.79946,-6.65149,-54.0651,0.425794,174.703,-6.66498,-4.35485,68.0973,1.35125,1.42938,0.75124,1.29562,3.4538,0.785539,68.118,-1.03532,-0.0469017,2.04296,-1.45269,0.301249,-1.06995,0.00764785,1.04588,-0.101927,0.427095,0.924584,0.122667,0.027215,0.111867,-0.266912,-0.117706,2.45281,1.1656,-1.23938,1.10806,-0.676292,1.46121,-0.859786,0.0410964,0.176018,-1.04205,0.799299,-0.0451531,-0.323309,-0.647103,-0.863238,0.0481445,0.542224,-0.0671846,-0.601112,1.3589,1.3826,0.218007,0.170381,4.25882,-2.36085,-1.0318,0.0986106,-0.60191,0.585319,0.514177,-0.693135,0.352727,-0.794723,0.10623,0.967188,0.333738,-1.3799,1.06739,1.71536,-0.342313,-1.18169,1.20869,-0.00173605,-0.307418,-0.597599,0.483844,-0.612346,0.710507,2.12661,0.714261,-0.425205,-1.21011,-1.54504,-0.172379,-0.110902,0.0258933,0.163142,0.374442,-0.362301,-0.3435,0.605051,-0.0745984,0.788274,-0.770401,-0.495462,-0.359274,-2.00903,1.37949,0.173951,-0.072106,1.24681,0.316331,-0.411422,-0.464681,-0.886708,0.714658,0.685327,1.08191,-0.48422,0.518909,-0.613271,-2.30706,-1.20089,-0.639078,0.000176195,0.290745,-1.43553,-0.373493,-1.17942,-0.62427,0.51336,1.62968,-0.542605,-0.790767,-2.63917,0.480297,-0.4691,0.250625,0.146963,-0.266149,0.286248,-0.804959,-0.678479,-0.312962,-0.576847,-1.09979,0.449587,-0.953029,-0.535804,-0.573021,0.0998456,0.0849354,0.537589,0.497445,0.97695,-0.523794,0.986549,1.28585,0.500101,0.442254,0.517839,1.95729,0.602443,-0.151955,0.0230433,-0.310931,-0.0475405,0.375563,-0.545476,-1.38026,0.264258,-0.925803,-0.710414,-0.556623,0.334088,-1.26202,-0.0508125,-0.937358,0.368003,0.899854,0.341893,0.358813,-0.716541,-0.642832,-0.787702,-0.735157,0.893375,1.51627,-0.222513,0.439962,-0.380571,-1.56892,0.755226,0.0487617,0.405534,0.635903,0.749389,0.351018,0.59302,-0.673128,-0.856361,-1.02809,-0.638052,-0.378071,-0.265614,0.759008,-0.944001,-0.211873,0.261576,-0.102457,0.924828,-1.18382,-0.350314,-0.652293,-0.714225,-2.05145,0.34926],
  [-0.193432,2.01917,1.2545,-3.85647,0.351234,0.322436,-2.28115,0.211739,4.80152,-0.664503,0.0524309,-0.283903,-0.0846717,-0.189022,-0.232482,-0.414833,0.473481,0.310965,-0.210358,0.0395196,-0.115798,-0.0591731,0.172032,0.023386,-0.017421,0.000814917,-0.0316651,0.146819,-0.0913546,0.0221877,-0.000735155,0.00817274,-0.0769536,0.0455685,-0.107266,-0.116524,0.0154334,-0.000707094,0.0226137,0.0403555,-0.0777834,0.182356,0.100201,-0.00929943,0.142552,-0.00232284,0.116998,-0.00872437,0.00211674,0.049724,0.0392339,0.0657399,-0.096873,0.240491,-0.12612,-0.0485437,-0.207448,-0.123604,0.0760854,0.0717689,-0.0664623,0.00281742,0.0333518,-0.0255627,-0.0780734,0.057929,0.0197773,0.00971047,-0.228271,-0.0198007,0.0697198,0.0642375,-0.0535419,0.033295,0.0643157,0.0660556,-0.0774356,0.00986855,0.0147424,0.0369629,-0.0488782,0.150717,0.0707752,-0.176228,0.0157563,0.0737141,0.04368,0.082168,-0.0863601,0.0615947,-0.091291,0.000495573,0.020129,0.115158,0.115935,-0.000384937,0.0580859,0.0171613,0.0917945,0.00238368,0.0359955,-0.0854657,0.0462023,-0.0741407,-0.0416324,-0.0554317,-0.0753928,0.135794,0.0723401,-0.143368,-0.0584089,-0.212228,-0.0840112,0.133791,0.00111807,0.00704029,0.196159,-0.0451208,-0.0225349,-0.0922022,-0.0419206,0.105358,-0.000859491,-0.00869878,0.00384982,0.0256189,-0.203001,0.0482734,-0.0205396,0.0171982,0.134988,0.105621,-0.114676,-0.0687692,-0.0363891,0.0546275,-0.0256248,0.0172746,0.0418735,0.00341989,0.0205859,0.0477036,0.102626,0.107871,-0.0623149,-0.0320898,0.016253,-0.0757728,-0.0828845,-0.0564236,0.195847,-0.0496488,-0.122666,0.0294229,-0.111793,0.222049,-0.196231,0.102536,-0.00117159,-0.124081,-0.0518165,-0.0318589,-0.0944856,-0.00083792,0.121167,0.0646725,0.0840919,-0.0959434,0.0123193,0.0241763,0.16877,-0.134875,-0.0466907,-0.162469,-0.028634,-0.150559,-0.062048,0.0134271,0.033225,-0.0246515,-0.0473352,0.190165,-0.0103189,-0.0737488,0.049926,0.0636468,0.0825579,-0.0664732,-0.0303313,-0.0857403,-0.10562,0.0486102,-0.056316,-0.0223234,-0.0449352,0.19644,-0.0992209,-0.0737055,0.0374404,0.015852,-0.0527269,0.000172047,-0.12743,-0.117286,-0.0213788,0.0788487,-0.0478225,0.144741,0.12531,0.0384408,-0.0569705,0.0594992],
  [-6.26213,1.2545,8.64889,-0.813207,0.022821,7.45282,15.9121,-0.427403,-28.6997,6.96537,6.07598,-5.26256,-1.69586,-1.79581,-0.50639,-0.691173,0.210692,-0.373474,-5.43234,0.315074,-0.243425,-0.091798,0.12529,0.0103507,-0.172723,-0.0118695,-0.0593595,0.00549263,-0.0665847,-0.104601,0.0227306,-0.293453,-0.137467,0.173191,-0.159329,-0.0438466,-0.201688,0.2625,0.0474464,0.0353503,0.0370764,0.421531,-0.237581,-0.000925997,0.133303,-0.148259,0.120005,-0.1284,0.112797,0.414186,-0.212722,-0.0673093,0.0483595,0.353331,-0.0930628,0.059359,-0.251855,-0.321337,0.014511,-0.0337201,-0.3769,0.19997,-0.120049,-0.113775,-0.0207269,0.0846155,-0.0563301,0.0813747,-0.138069,-0.241117,-0.065146,0.177183,-0.203809,0.0146194,0.114125,0.460699,0.0348654,-0.119792,0.0314939,-0.213039,-0.268273,0.0458621,0.184762,-0.339351,0.260152,0.183467,0.133507,0.04946,0.0642331,0.0652577,0.0194127,-0.143252,-0.167766,-0.0191706,0.120539,-0.1207,0.0197465,-0.0867391,0.321987,0.206343,0.0322887,-0.242726,0.106077,-0.0830771,0.0813836,0.0703501,-0.213799,0.0803828,-0.036067,0.0351981,-0.186544,0.0852784,-0.0225099,0.364403,0.154374,0.19254,0.409655,-0.109668,-0.158878,-0.0287406,0.0677312,0.237868,0.162208,-0.00831876,0.207667,-0.123061,-0.171586,-0.0896189,-0.2234,0.479643,0.0647692,-0.138477,0.104377,-0.106381,0.0779423,-0.203889,-0.450756,0.0259655,0.373837,0.104184,0.200945,-0.190259,0.0787436,0.273384,0.0886772,-0.192809,0.241955,-0.0817573,-0.0204999,-0.25663,0.329458,-0.229869,-0.256938,-0.191868,-0.099097,-0.122152,0.015211,0.184898,-0.117094,-0.332419,0.0286733,-0.228813,0.0262162,0.496855,0.119493,-0.181718,-0.0764522,-0.0432204,-0.106443,-0.163084,0.51374,-0.26454,0.312977,-0.0843765,0.0461196,-0.286146,0.0274346,-0.00217823,0.0491859,-0.160759,-0.0862689,0.086071,-0.263241,-0.0282893,0.272052,0.137039,0.204259,0.062067,0.209351,-0.186758,-0.0604429,-0.0748222,-0.302629,-0.0122862,0.519692,0.103179,-0.159927,0.0672877,-0.104396,0.190466,-0.391281,0.271315,0.107057,-0.246231,0.0393159,-0.0672364,0.000526456,0.144219,0.247118,0.428445,0.239887,0.0436267],
  [-75.9953,-3.85647,-0.813207,212.826,-2.55974,5.01513,100.104,-4.4138,-328.809,3.9871,4.01875,-96.3232,-2.55939,-3.00053,-0.153505,-0.0927288,-0.467133,-3.08906,-98.5432,0.840361,0.853553,-3.01109,1.67927,-0.393804,1.64155,-0.0113293,-1.16625,-0.497665,-0.0235973,-0.512222,-0.244046,-0.188798,0.393831,-0.243175,0.291101,-4.3195,-1.26384,1.69372,-0.844113,-0.0647158,-1.41462,0.278708,1.49343,-0.255384,2.30893,0.250825,-1.71609,-0.105661,1.28923,1.90276,-0.941903,-1.13943,-0.0679834,0.16557,-1.078,-1.94292,-0.38581,-0.426839,-7.54452,2.41713,1.8738,-0.757444,0.992278,0.0760045,0.0868415,0.199445,-1.07767,0.830254,1.65641,-1.7371,-1.10827,2.00289,-1.06296,-3.16107,0.336233,0.432449,-0.732516,-1.14069,1.64032,-0.0101242,-0.396444,0.341638,-3.42704,-1.31273,-0.468304,-0.0076954,2.86946,1.37905,0.911162,0.714821,0.0172933,0.693622,-1.70825,-2.92197,-0.694171,-1.20487,0.742081,-1.13034,-1.39044,-0.403515,-0.346627,2.92632,-2.60952,0.222813,-0.299385,-1.06893,0.166677,-0.186243,-0.472562,0.266074,-1.04531,-0.507026,-1.77017,0.16636,-0.654823,1.48418,0.643873,0.246243,1.55073,0.0941747,-0.492472,0.0747725,-0.651393,2.10962,1.4611,-1.10441,0.0153802,0.222282,2.99738,1.72979,-1.55863,1.2929,-0.592451,-0.065355,0.11322,-1.33218,1.98904,2.89397,0.352229,0.0551127,1.82306,0.906201,0.00924258,-0.0782662,0.196356,-0.414386,0.300004,-0.104631,-0.798926,-0.859951,0.463019,-1.85169,0.236136,0.393708,-1.46591,-2.40975,-1.28527,-0.85288,-1.02321,2.15045,0.187886,-0.258342,-0.306415,-0.397604,-0.00702904,-1.86877,0.596264,2.76511,1.10394,0.116338,0.576687,0.484682,0.264029,-0.671168,-1.01594,0.270542,-0.219058,1.16222,0.083791,0.742948,1.60388,-1.85124,-1.09704,1.18532,-1.23327,0.467585,2.40211,-0.900358,0.36585,0.336895,0.0077876,-0.704075,-0.694135,-0.550441,0.142527,-0.356586,1.04189,1.87565,-0.925022,0.771038,0.38601,-0.241393,2.02212,0.618942,-0.211677,-3.49416,3.25276,-0.214883,1.33593,0.178709,2.41251,-0.66737],
  [2.79946,0.351234,0.022821,-2.55974,2.06405,-0.208237,0.193079,-0.119675,4.15036,-0.281995,0.0184201,2.4695,0.015825,-0.132093,0.264117,0.726577,-0.584159,-0.0312683,2.21628,0.0212574,0.00788761,-0.02882,-0.0517178,0.052015,-0.039149,0.00149774,0.0441481,-0.0579431,0.00159297,-0.00212235,-0.0102379,-0.0536726,0.00956792,0.094297,-0.0739669,0.0523576,0.0531017,-0.0944344,0.141547,-0.0251127,0.0264826,-0.0411077,-0.0202424,0.0104812,-0.153675,-0.0515238,-0.0178443,0.016235,0.00458942,0.0822251,0.0134772,0.0292227,-0.0363294,-0.112078,0.0382748,0.0587022,-0.0499849,-0.0397254,0.110947,-0.0593605,0.103819,-0.0705167,-0.0437623,0.0670084,0.0200493,-0.122497,-0.0108659,-0.0562906,-0.0772955,-0.0217711,-0.0825692,-0.033857,-0.0538289,0.0866288,-0.0855021,-0.00751074,0.0581407,0.0330054,-0.0329614,-0.112847,0.0369507,-0.139376,-0.0575113,0.16675,-0.0605404,0.0224579,0.0954137,0.0470885,-0.0708863,0.0910325,0.0695182,0.0358317,-0.0610128,0.0540635,-0.029962,0.0684309,0.0440339,0.0557212,-0.0108693,-0.0823053,-0.0659075,-0.153428,0.0212217,0.0334095,-0.0117144,0.0266347,-0.00839421,-0.0500236,-0.106765,-0.12834,0.0737262,0.0477873,-0.0185592,-0.0121926,-0.0785328,-0.0352973,-0.172627,0.0244158,-0.0302628,-0.0391899,0.00883284,0.0729039,-0.103665,0.0152323,-0.0404404,0.0484131,0.17597,-0.0155154,-0.0185698,-0.150354,-0.0155304,-0.0330361,0.160421,0.0173804,-0.010867,-0.0156968,0.0207257,0.0949601,-0.182765,-0.132458,0.0524204,-0.0206408,0.0039507,-0.03249,0.109807,0.0448843,-0.00791161,0.0370338,-0.0213553,0.115949,0.075845,-0.0422351,0.184324,0.0173837,-0.0931134,-0.20821,0.111733,0.0980804,0.0513227,-0.0853142,0.0889248,0.0367417,-0.0176656,-0.0310422,0.0120764,-0.109207,-0.0551721,-0.0396566,0.0487744,0.0323135,0.0880132,0.0267196,-0.0141244,-0.00579117,0.177676,0.137753,-0.00022622,-0.0732604,0.0759847,-0.0404123,0.0826383,0.0591172,0.242747,-0.0530085,-0.130355,-0.133979,-0.190349,0.0922382,-0.0706471,0.0821413,0.0426444,0.0574071,0.0393276,-0.125135,-0.0388856,-0.00343751,-0.0327611,0.15618,-0.0521718,-0.0496023,0.0485662,-0.184868,0.0774841,0.0829423,-0.0497043,-0.0820981,0.122914,-0.0862961,-0.00409733,-0.17576,-0.157969,0.00631343],
  [-6.65149,0.322436,7.45282,5.01513,-0.208237,10.5571,17.557,-0.687403,-37.8852,7.15145,8.21921,-5.69804,-2.41078,-2.52866,-0.497022,-0.5526,0.968808,-0.570918,-6.17393,0.346167,-0.194413,0.039725,0.0478377,0.0352987,-0.299715,-0.0146747,-0.0453695,-0.0502844,-0.0288243,-0.118691,-0.0733302,-0.446877,-0.111393,0.290383,-0.026288,-0.00264849,-0.207871,0.286545,-0.00731581,0.0578021,0.0956847,0.495854,-0.0754712,-0.000434148,0.180637,-0.330382,0.017872,-0.0569577,0.147264,0.387714,-0.155854,-0.143201,0.0245082,0.214299,-0.0960194,0.105104,-0.0979668,-0.283301,0.0338898,-0.0787377,-0.297317,0.169347,-0.15029,-0.10282,0.075163,0.095515,-0.102958,0.175626,-0.118377,-0.425286,-0.188565,0.193252,-0.0627093,-0.0437327,0.184099,0.3487,0.134125,-0.10073,0.0779391,-0.210067,-0.348607,-0.0408208,0.205302,-0.0761068,0.133143,0.205813,0.0364981,0.0208586,0.189863,0.125462,0.112435,-0.0597034,-0.109481,-0.174688,0.0700795,-0.0793158,-0.039873,-0.0452445,0.261564,0.246281,0.132261,-0.264763,0.11197,-0.181601,0.16587,0.208404,-0.0729127,0.00831941,0.0225753,-0.126827,-0.0394188,0.157054,0.0752366,0.401672,0.208381,0.193263,0.218098,-0.0995119,-0.149302,-0.00385664,0.24391,0.175761,0.0571291,0.00695748,0.237019,-0.198815,-0.119894,-0.0563557,-0.168946,0.465335,-0.00178275,-0.206311,0.116214,-0.0167543,0.0461799,-0.256887,-0.248345,0.258293,0.545579,-0.0265019,0.148497,-0.322201,0.0034264,0.26958,0.083938,-0.272866,0.461951,-0.150208,-0.0105983,-0.295294,0.230811,-0.113162,-0.0956568,-0.138247,-0.0943251,-0.259352,-0.0301691,0.0643623,-0.319621,-0.308772,-0.0109136,-0.249654,0.0407779,0.361722,0.0737337,-0.23207,0.0614792,0.0137304,-0.120478,-0.192141,0.494636,0.00716441,0.41278,-0.038856,0.177121,-0.230538,0.0161161,-0.0701834,0.0920305,-0.136878,-0.0312382,-0.0388778,-0.160997,0.142122,0.00469895,0.18321,0.107551,0.0536703,0.0461346,-0.0389469,-0.0326817,-0.0502023,-0.33052,-0.0420636,0.583599,-0.0998715,-0.10911,0.142016,-0.043317,0.299465,-0.233699,0.314741,0.362085,-0.214548,0.0429704,-0.211405,-0.000241585,0.219018,0.125536,0.462045,0.330325,0.0366987],
  [-54.0651,-2.28115,15.9121,100.104,0.193079,17.557,195.685,-6.28905,-332.202,19.1222,17.5382,-51.5933,-14.3708,-14.7509,-1.19206,-1.02349,-1.19429,-3.38617,-56.3951,-0.186949,-1.17251,-1.92338,-0.167711,-0.741824,1.27782,-0.0305961,0.0170544,-1.48711,0.961282,-1.06965,-0.263976,-0.149756,-0.107305,-0.44883,-0.119791,-2.04188,-1.7211,1.1802,-0.826795,-0.254356,-2.37387,-0.729385,0.12928,0.0982456,-2.61814,0.333374,-1.67766,0.292861,1.50844,1.76172,-1.05513,-3.082,0.0715914,-0.881078,-2.35909,-0.620602,0.113062,-1.07112,-4.63096,1.40411,0.530402,0.381784,0.511673,0.315689,-0.421286,0.0245875,-0.805652,0.834443,1.67917,-1.55559,-1.71375,2.46155,-0.993472,-1.45844,0.412786,0.113036,-0.179413,-0.677449,0.724678,-0.60674,-0.0890234,-1.2957,-2.89504,-1.97361,0.140436,-1.3075,3.90112,0.224509,-0.0943978,1.20971,-0.348678,0.329226,-1.89213,-1.36615,-0.480202,-0.507429,1.83253,-1.82259,-0.00296564,2.12504,-0.641088,0.0420907,-1.02081,-0.636771,0.0708765,0.301784,-0.246473,-0.232778,-0.835742,1.22542,-0.710472,0.32511,-0.817042,0.218426,-0.259021,0.939388,2.68135,0.58336,1.50264,1.29384,0.0588625,-0.444516,-0.260516,2.87929,0.298781,-0.636188,-0.514977,-0.0602735,-1.02639,2.86936,-0.169367,-0.56464,2.23299,0.159209,1.10657,-1.22289,-1.0697,1.63313,-0.00199254,-1.32747,0.343503,0.601877,0.102724,-0.241055,0.269559,-2.22212,1.24657,0.285555,-0.204275,-0.481759,1.50588,-1.71754,-2.02145,-0.650176,-0.404196,-2.87304,0.558543,0.825731,1.34011,-0.527763,-0.872698,-0.276852,0.435667,0.381894,1.45453,-3.07737,-0.0797426,0.638602,0.324056,-1.00071,-0.324917,-0.0713761,-0.619856,-1.24458,0.935679,0.118852,0.909083,-1.56748,-1.82235,-1.32701,0.62327,-1.67511,-1.33935,0.0679301,-0.732065,0.511728,2.9674,1.19029,0.578983,0.303746,0.488442,0.107027,-2.0673,-0.934744,0.855547,1.36831,-0.291454,4.88808,0.556884,0.764998,-0.255433,-1.55563,2.73313,-0.309434,0.968875,-2.98486,2.39857,-0.0676017,1.0056,-0.30743,1.12017,-1.47929],
  [0.425794,0.211739,-0.427403,-4.4138,-0.119675,-0.687403,-6.28905,1.81743,10.6857,-0.577721,-0.703471,0.317246,-0.10459,-0.0694533,0.0653858,-0.0313222,-0.149715,0.705139,1.12764,0.0961173,0.0777452,0.00719047,0.122653,0.0117233,0.0149771,-0.00299381,0.0210126,0.0573674,-0.0917578,0.122591,0.0164976,-0.0404615,-0.00943368,0.01656,0.00696247,0.0736558,-0.0613311,0.0711054,0.00868956,0.0397334,0.0399099,0.0960605,0.102892,0.00223078,0.0989904,-0.0509008,0.0373467,-0.0174004,-0.0178284,-0.0460643,0.0546586,0.0892464,0.00249246,0.119584,-0.0363593,-0.0693699,0.0417489,0.0675328,0.107601,0.146167,0.00470718,-0.0247629,-0.000558472,-0.00531449,0.0448144,0.0736284,0.0601248,-0.0329894,-0.0185695,-0.00416993,-0.0628592,0.0436178,0.0143298,0.0316049,0.0480888,0.0604015,-0.0700804,0.0182532,-0.0414415,0.0245247,-0.00537807,0.0129183,0.093185,-0.198844,0.0126084,0.0461108,-0.145049,0.0434342,-0.0428783,0.0133619,0.0360057,-0.0972033,0.0121777,0.240284,0.0457679,0.00421382,-0.0122321,0.0500103,0.0974252,-0.0929883,0.025769,-0.0298133,-0.0787464,-0.00456507,-0.0398232,-0.0770312,-0.0205704,0.0547228,0.140667,0.00497103,0.00962917,-0.0551268,0.0704705,0.0232072,0.122803,-0.0297463,0.1389,0.0559097,-0.124629,0.0124365,-0.120578,-0.0180394,0.030531,-0.201093,0.0512249,0.0674054,-0.0939039,0.132258,-0.00836242,-0.114781,-0.131401,0.00684786,-0.184607,-0.0967169,-0.0321917,0.0697124,-0.0161653,-0.108832,0.00982685,0.0660534,0.00796219,-0.104597,-0.0555296,0.135626,-0.0163594,0.107167,-0.0761585,-0.105735,0.00796936,-0.0344054,-0.0731208,-0.0172518,-0.0765303,-0.0354538,0.0125707,0.168052,-0.174342,-0.0380359,0.0416873,0.0438252,0.0368163,-0.0900775,-0.0550344,0.00207699,0.207227,0.0694119,0.054519,-0.208743,0.117987,0.0487995,0.152264,0.0238286,0.00310456,-0.0740699,-0.00946502,-0.187149,-0.0414228,-0.0265681,-0.123592,0.13715,-0.0139646,-0.0344221,-0.0589514,0.000802057,0.022955,-0.0168956,-0.0503115,-0.104128,-0.0228024,-0.070694,-0.0956481,-0.0307693,0.0723613,0.100141,-0.111174,0.0585777,-0.173812,-0.232848,0.0376514,0.00753963,-0.142755,0.000139015,-0.281801,-0.0607962,-0.035231,0.141826,-0.0877034,0.00736823,0.00801307,0.146606,0.132868,0.0983144],
  [174.703,4.80152,-28.6997,-328.809,4.15036,-37.8852,-332.202,10.6857,840.321,-34.2813,-33.3193,187.104,29.7945,31.248,2.41546,2.26099,9.95287,7.02174,194.771,-1.37408,-0.835602,6.12707,-3.05663,1.35245,-3.36132,0.0437856,1.40754,0.906652,-0.960891,2.33966,0.625313,1.1444,-0.525676,0.921593,-0.488744,7.82906,3.46428,-4.20118,2.85048,-0.494575,3.34762,-0.482132,-1.18623,0.158103,0.219721,0.446407,2.26632,-0.888578,-2.37317,-4.3569,2.01464,5.76796,-0.69758,0.723641,4.0092,2.42624,-0.121022,2.26788,15.9767,-4.24054,-4.32622,-0.72355,-1.216,0.883849,1.11147,-0.115669,2.08023,-1.72866,-2.35106,4.18072,2.20448,-6.34726,2.82108,4.54765,-0.751232,-1.89504,-0.292288,2.09779,-2.72913,-0.88065,0.207643,0.246617,5.68464,3.50283,1.18848,-0.188424,-5.89908,-1.87,-1.51832,-3.01727,-0.403445,-1.07244,4.26265,4.45656,0.977651,1.70546,-3.31218,3.47573,0.685092,-3.29548,0.541947,-4.85363,4.41147,0.403621,-0.00920907,1.40465,-1.15342,0.0882902,0.484796,-1.68427,1.78167,0.299086,3.83789,-0.0214882,1.21638,-3.9778,-3.97567,-1.71885,-3.11351,-1.07658,-0.363823,-0.714101,0.861641,-7.04879,-2.41783,1.87154,1.83673,-0.878526,-2.08044,-7.12955,1.38284,-1.21884,-1.5612,-0.259103,-0.786664,3.48997,-0.340221,-4.23804,-0.805211,1.71249,-2.52836,0.670593,-0.834924,0.393938,-0.762798,3.75229,-2.88498,0.411792,1.00545,2.70877,-3.04602,2.86026,2.6636,2.05813,2.52589,6.93245,2.31709,0.257163,-0.171368,-1.81119,0.246137,0.611421,0.439974,-0.660569,-1.09802,6.50537,-0.963092,-4.12709,0.351063,1.78103,-1.2538,-1.36882,-1.19987,1.41283,0.839106,-0.342709,0.170439,-0.582999,1.62931,0.791445,-3.27187,4.0005,3.1629,-1.01659,2.24537,-1.17739,-6.48478,0.695648,-1.02515,-0.258386,-0.290201,1.74665,3.49693,2.70179,-3.08342,-1.20323,-2.77792,-7.03799,0.394282,-1.89129,1.46139,0.465964,-5.10263,-0.568725,-0.677198,5.77446,-5.24299,0.701063,-1.87116,-1.9928,-4.82246,2.44271],
  [-6.66498,-0.664503,6.96537,3.9871,-0.281995,7.15145,19.1222,-0.577721,-34.2813,7.92149,6.16215,-5.45804,-1.30685,-1.29705,-0.240089,-0.255588,-0.0740815,-0.578194,-5.68985,0.32572,-0.109017,-0.0513005,-0.0560754,-0.0167421,-0.142998,-0.0138316,-0.0543952,-0.16827,0.0178964,-0.169785,-0.0856163,-0.299997,-0.0651845,0.132998,-0.0766568,0.0320509,-0.274952,0.274783,0.010065,-0.0413638,0.0996553,0.260102,-0.343879,0.00605796,-0.0464739,-0.176143,0.0170222,-0.0549973,0.169352,0.407359,-0.210256,-0.135008,0.116324,0.103382,-0.00933158,0.154753,-0.0823604,-0.31163,-0.0559296,-0.0308219,-0.342822,0.191023,-0.134512,-0.0585863,0.0899456,0.051063,-0.15518,0.0852949,0.0127261,-0.290135,-0.232711,0.146672,-0.213503,-0.0183817,0.0562619,0.40395,0.105437,-0.139225,0.0260301,-0.29749,-0.224433,-0.154004,0.140597,-0.145912,0.197307,0.161385,0.0566202,0.0116257,0.149853,-0.00883634,0.12597,-0.115311,-0.186213,-0.117792,0.0172357,-0.0995949,-0.096337,-0.0997916,0.229287,0.130589,-0.0272647,-0.182005,-0.0109546,-0.034492,0.105376,0.156609,-0.123892,-0.0606626,-0.0727095,0.153045,-0.066556,0.299926,0.0856395,0.194105,0.124662,0.186223,0.241876,0.0163166,-0.124461,0.0997592,0.0404454,0.111484,0.142128,-0.0654348,0.222048,-0.259235,-0.00016312,-0.104084,-0.15581,0.444931,-0.173976,-0.214068,0.143308,-0.0759427,0.124085,-0.296865,-0.442531,0.0845761,0.269912,0.09029,0.0864151,-0.244118,0.0142977,0.119403,0.194099,-0.117225,0.20901,-0.0742269,0.0670322,-0.241328,0.161699,-0.238003,-0.132,-0.181752,-0.0700479,-0.305456,0.161253,0.0309155,-0.0397189,-0.173717,0.0805036,-0.211395,0.117106,0.474665,0.0458891,-0.2253,-0.149988,0.0993558,-0.0822118,-0.149365,0.335243,-0.0898133,0.341149,0.0409183,0.0824791,-0.182503,0.0903967,-0.0687281,-0.0337546,-0.105095,0.0353557,-0.0770197,-0.255292,0.0374092,-0.0659042,0.039978,0.0506516,0.11622,0.13933,-0.0572414,0.0179092,-0.147083,-0.27448,0.0305106,0.648995,-0.0420131,-0.118285,0.158035,-0.0970192,0.133758,-0.278168,0.241136,0.254489,-0.150066,0.0459035,-0.140948,0.104334,0.055654,0.114731,0.367677,0.314725,0.000298062],
  [-4.35485,0.0524309,6.07598,4.01875,0.0184201,8.21921,17.5382,-0.703471,-33.3193,6.16215,9.69684,-2.6389,-3.30587,-3.40821,-0.273209,-0.329308,0.77776,-0.485505,-3.06858,0.27887,-0.161671,-0.0508221,-0.0998937,-0.00777362,-0.103089,-0.0147087,-0.0268396,-0.117376,0.0527155,-0.174053,-0.0740784,-0.364626,-0.0415003,0.0657986,0.0629799,0.0717616,-0.139748,0.128922,-0.0642996,-0.0108555,0.0540273,0.369441,0.10637,0.0018022,0.22636,-0.192358,-0.19052,-0.00692546,0.0214293,0.449252,-0.347555,-0.234838,0.0507905,0.173673,-0.117828,0.388352,-0.17713,-0.335066,-0.328427,-0.101256,-0.217976,0.207318,-0.155842,-0.0565994,0.0516899,0.00869764,-0.147694,0.0897904,0.0971717,-0.274359,-0.227806,0.14771,-0.143414,-0.00836458,0.212264,0.485101,0.166667,-0.317513,0.0973406,-0.241613,-0.269024,-0.202397,-0.0527162,0.143371,0.242848,0.110806,0.0545884,-0.0184075,0.172705,0.256215,0.143316,-0.134095,-0.176784,-0.329918,0.0566879,-0.0577322,-0.0721972,-0.14987,0.234121,0.291979,0.00161255,-0.237764,-0.0825943,-0.14272,0.214974,0.321008,0.0496485,-0.121079,-0.0502607,-0.222332,-0.0536695,0.193724,0.0428949,0.159343,0.208458,0.355645,-0.00465264,0.127526,-0.00319393,0.0680977,0.221352,0.0480536,0.0624132,0.186908,0.246933,-0.147091,-0.0625979,-0.0990298,-0.130634,0.34011,0.0687635,-0.1924,0.163331,0.00683598,0.115793,-0.317887,-0.197996,0.207017,0.406339,-0.113293,0.0926222,-0.158927,-0.0753701,0.0636475,-0.0790728,-0.261579,0.389456,-0.042883,0.0603544,-0.0838977,0.27821,-0.197455,-0.104901,-0.239806,-0.216482,-0.379584,0.0468817,0.00420614,-0.0995225,-0.283679,-0.0310532,-0.20418,0.153016,0.237586,-0.190862,-0.0617369,-0.0786383,0.132872,0.0976976,-0.134626,0.170293,0.237876,0.375428,-0.0150632,0.301921,-0.118734,0.0810272,0.0481781,0.0609525,-0.122113,-0.0510264,0.134636,-0.243563,0.0578049,-0.251817,0.105407,0.116432,0.144619,0.105314,0.0868012,0.1135,-0.172851,-0.350002,-0.0806082,0.438492,-0.129015,-0.198486,0.195644,0.0322931,0.107243,-0.0189909,-0.0629282,0.517234,-0.108775,0.0797017,-0.297722,0.197113,0.117876,0.0487087,0.315748,0.232686,0.01179],
  [68.0973,-0.283903,-5.26256,-96.3232,2.4695,-5.69804,-51.5933,0.317246,187.104,-5.45804,-2.6389,82.2751,3.4592,3.62559,0.865298,1.48243,1.00093,0.946969,82.171,-1.32559,0.404921,2.19569,-1.77518,0.107663,-1.05304,0.00300224,0.873128,-0.0856009,0.646029,0.683199,0.043557,-0.045547,0.377991,-0.550078,-0.132493,2.83012,1.21665,-1.5571,0.892119,-0.766555,1.50443,-1.18719,-0.194956,0.148887,-1.22615,1.22125,0.0793195,-0.163958,-0.736494,-0.976936,0.245501,0.512473,-0.258717,-0.896318,1.37302,1.84378,0.261382,0.151593,4.33536,-2.45253,-1.03044,0.192098,-0.821954,0.676518,0.50306,-0.720344,0.248322,-0.770246,0.12839,1.31381,0.264426,-1.70355,1.25885,1.9348,-0.559348,-1.3913,1.23939,-0.0255577,-0.30462,-0.323698,0.660861,-0.957706,0.954964,2.30874,0.945659,-0.744002,-1.29864,-1.68063,-0.155904,-0.115181,0.276325,0.344378,0.513062,-0.18148,-0.277024,0.58909,-0.561061,0.898373,-0.693213,-0.469057,-0.101383,-2.15754,1.54002,0.324289,0.0661076,1.55751,0.362343,-0.875438,-0.755011,-0.582493,0.780624,0.463643,1.42829,-0.765782,0.523229,-0.941613,-2.89174,-1.27616,-0.58516,0.231416,0.59011,-1.65746,-0.319939,-1.10407,-1.05555,0.483175,1.75134,-0.806873,-0.883411,-2.77075,0.542597,-0.244563,0.673427,0.307745,-0.129889,0.386327,-1.51117,-0.902608,-0.250729,-0.836076,-1.35717,0.494413,-1.18288,-0.910792,-0.600783,0.293262,-0.0215082,0.757688,0.600193,1.08891,-0.775512,1.04084,1.15748,0.215976,0.439108,0.323132,2.37981,0.600605,-0.161378,-0.346001,-0.206616,0.231669,0.632423,-0.664194,-1.29094,0.105403,-0.964478,-0.913251,-0.615051,0.3145,-1.35141,0.110349,-0.755937,0.622068,1.24815,0.660659,0.469446,-1.13673,-0.454002,-0.784979,-1.0064,0.920416,1.61948,-0.665089,0.227963,-0.363287,-1.44283,1.15782,0.12842,0.643549,0.887048,0.935928,0.359564,0.876863,-0.74936,-0.925952,-1.23152,-0.40499,-0.157952,-0.476569,0.561331,-1.0036,-0.101002,0.203739,0.0207053,1.20199,-1.4467,-0.548135,-0.865116,-0.808563,-2.10253,0.502563],
  [1.35125,-0.0846717,-1.69586,-2.55939,0.015825,-2.41078,-14.3708,-0.10459,29.7945,-1.30685,-3.30587,3.4592,12.0242,12.0547,0.0648659,0.140995,2.9124,-0.280996,3.68095,-0.352379,0.294744,0.144122,0.118465,0.105797,-0.267269,-0.00243428,-0.100746,0.00748954,-0.0177802,-0.0968177,-0.111029,0.161775,0.0856807,0.253902,-0.000259059,0.16592,-0.0372412,0.0320486,0.511498,-0.171157,-0.132649,0.268503,-0.552438,-0.0357608,0.520014,0.135484,0.0445947,0.0415987,-0.0338433,-0.267429,0.419431,0.944882,0.168881,0.484869,0.171688,0.175839,-0.0977621,-0.175683,0.464436,0.136153,-0.284965,0.0177355,-0.0434777,0.28636,0.0575642,0.228799,0.0385363,0.0723695,0.0926333,-0.387564,-0.499793,-0.607999,0.114826,-0.232858,-0.231709,0.0638759,-0.12381,-0.00027993,-0.144136,-0.438093,-0.199703,-0.174855,0.546674,-0.167468,0.138079,-0.0348101,-0.325371,0.479533,0.00580672,-0.744852,-0.169854,0.53122,0.160733,0.325218,0.0311568,0.00632147,-0.564673,-0.025972,0.0493736,-0.528525,-0.0176933,-0.0184002,0.220587,0.350014,0.0760678,0.111629,-0.503293,0.0754621,-0.166881,-0.0991226,-0.0843693,-0.158599,0.382342,-0.086057,-0.141764,-0.348149,-0.12652,-0.298232,-0.305316,0.198444,-0.248557,0.274918,0.0310201,-0.70747,-0.355263,-0.0113885,0.163792,0.0446278,0.293554,-0.652528,-0.694877,0.162978,-0.104892,0.0799443,-0.0397094,-0.0648881,0.176557,-0.222993,0.31772,0.176995,0.36006,0.128669,-0.389645,0.0833176,0.319456,0.542259,-0.367385,0.129835,-0.0316476,0.239768,-0.36492,-0.219438,0.361146,-0.0850342,-0.115972,0.208704,0.11542,-0.233726,-0.439044,-0.125811,-0.213013,0.270247,-0.0136452,-0.0656901,0.307726,0.18774,-0.209149,-0.225377,-0.23195,0.450858,0.0881693,-0.248167,0.203057,0.135861,0.248373,0.16582,0.0421667,-0.427308,0.335234,-0.390341,0.22989,0.125251,0.286756,-0.167352,-0.0140774,0.00134284,-0.230466,-0.170594,0.108284,0.0658557,-0.12709,0.42833,0.149319,0.270533,-0.20052,0.0939613,-0.576594,-0.293577,-0.214111,0.0419289,-0.364648,0.278456,-0.655541,-0.127615,-0.08718,0.155343,0.00331644,-0.23572,0.325374,-0.0579047,0.0402316,0.353469],
  [1.42938,-0.189022,-1.79581,-3.00053,-0.132093,-2.52866,-14.7509,-0.0694533,31.248,-1.29705,-3.40821,3.62559,12.0547,12.4079,0.188584,0.198199,2.92607,-0.262353,4.0506,-0.366895,0.31582,0.177087,0.1292,0.109574,-0.258761,-0.00184059,-0.0852049,-0.0250486,-0.00280055,-0.120489,-0.11322,0.180781,0.101421,0.223906,0.0224822,0.177902,-0.0345227,0.0500255,0.535915,-0.166382,-0.104893,0.188039,-0.51104,-0.0336715,0.521281,0.163456,0.0245937,0.0317578,-0.0344658,-0.303246,0.447535,0.975501,0.154925,0.464623,0.21458,0.176344,-0.0711252,-0.134664,0.494226,0.120267,-0.293872,-0.0210589,-0.0874911,0.292161,0.0537632,0.243281,0.0384905,0.0809621,0.103698,-0.375532,-0.535439,-0.656328,0.121485,-0.182266,-0.251376,0.0646062,-0.100512,-0.0018648,-0.141976,-0.387362,-0.170769,-0.190519,0.545133,-0.171171,0.136485,-0.0490518,-0.351543,0.458943,0.0388689,-0.800727,-0.171783,0.519595,0.166949,0.34945,0.0262108,0.0152558,-0.572494,-0.0429364,0.044945,-0.468084,-0.0123805,-0.0234052,0.220111,0.333795,0.0647659,0.0938774,-0.504403,0.0352369,-0.182713,-0.0626269,-0.0726576,-0.163916,0.398802,-0.123312,-0.124011,-0.370482,-0.179348,-0.302703,-0.268856,0.190808,-0.242327,0.238824,0.0631452,-0.707246,-0.324941,-0.0485061,0.168268,0.0133225,0.255894,-0.663328,-0.707221,0.166871,-0.104216,0.114027,-0.037264,-0.0282624,0.114865,-0.241686,0.291984,0.17349,0.354684,0.150348,-0.419728,0.0375663,0.318077,0.551102,-0.398494,0.143388,-0.0337233,0.215957,-0.426029,-0.240568,0.379682,-0.0690777,-0.153132,0.200981,0.161556,-0.255611,-0.445918,-0.119322,-0.186084,0.302186,-0.0151868,-0.0762039,0.307076,0.219056,-0.224245,-0.217828,-0.204136,0.502042,0.0900891,-0.201383,0.188055,0.148741,0.252352,0.14824,0.0489214,-0.405354,0.337025,-0.396646,0.213927,0.110659,0.28233,-0.171181,-0.00786414,-0.00500772,-0.208243,-0.157633,0.100559,0.0874709,-0.120119,0.414998,0.192265,0.304302,-0.235266,0.0537325,-0.561055,-0.316586,-0.204495,0.0382047,-0.392441,0.299021,-0.636929,-0.0974576,-0.0859646,0.188228,-0.00923937,-0.255086,0.318122,-0.0649326,0.0173813,0.401823],
  [0.75124,-0.232482,-0.50639,-0.153505,0.264117,-0.497022,-1.19206,0.0653858,2.41546,-0.240089,-0.273209,0.865298,0.0648659,0.188584,0.509678,0.661023,-0.315214,0.0719999,1.23561,-0.0188788,0.0584131,0.0342738,-0.0331112,0.00859593,0.0239451,0.000680019,-0.00517772,-0.0309587,-0.00522407,0.0344025,-0.00592115,0.00735381,0.0351225,0.0102475,-0.0126713,0.0283354,0.0159179,-0.0372955,0.0479119,-0.032745,0.0684513,-0.0370768,-0.00823395,-0.000805219,-0.00651891,0.0742604,-0.0313432,-0.0226979,0.00587606,-0.0214251,0.0542358,0.006904,-0.0277949,-0.0556301,0.0815993,0.00400823,0.0452108,-0.045882,0.0820816,-0.0196222,0.0588612,-0.0538742,-0.0463457,0.0277214,0.0276286,-0.0231124,-3.75E-05,-0.036451,0.00479168,0.0742887,-0.039149,-0.0674905,-0.039674,0.00964475,-0.044203,0.0233756,-0.0265554,-0.035349,-0.0273811,0.0271837,0.0351315,-0.0675771,0.00890358,0.0938001,-0.0204912,0.00440224,-0.0440041,-0.0440823,0.0110845,-0.0897627,0.0137469,-0.0444928,-0.0176524,-0.0213341,-0.00727569,0.0262211,-0.0333605,0.0477674,-0.0479939,0.0235028,-0.0270033,-0.0289219,-0.0567318,0.0479392,0.0029145,0.00999333,0.00700951,-0.0406699,-0.0307841,0.0355434,0.0504592,-0.017878,0.0362394,-0.0751707,0.0168492,-0.0567731,-0.232999,-0.0151494,-0.0179711,-0.0696388,0.00689541,-0.0885003,-0.0249448,-0.0305108,-0.0108573,0.0107931,0.0811802,-0.0104325,-0.0165695,-0.0610257,-0.0820571,-0.0377325,-0.0220021,0.0295248,0.01393,0.0137686,-0.047074,-0.0475142,-0.0421164,-0.000360955,-0.0396343,-0.0114886,-0.0741242,-0.125149,0.0364435,0.0307984,-0.0535556,0.0195781,0.0119693,0.0555472,-0.0901206,-0.0228591,0.0348311,0.0190638,-0.0360126,-0.1297,0.0683103,-0.0254947,0.0278416,0.063786,0.038547,0.0582391,0.00289296,-0.0205659,-0.00391352,-0.0271187,-0.0260243,0.0730087,0.0621035,0.0497828,-0.0430026,0.0831192,0.00367741,0.0413863,0.0594392,0.0532369,0.0056093,0.00721572,0.0135442,0.00178512,-0.00417974,0.010463,0.0737307,-0.0272862,-0.042655,-0.0601944,-0.0305149,0.0217278,0.0250066,0.0670867,0.0449066,-0.00817454,0.0669625,0.0156216,-0.100104,-0.0724088,0.0516952,0.0120608,-0.011059,-0.0427307,0.010304,-0.0483663,0.0482044,0.0845687,-0.026242,0.0213271,0.0131614,-0.051634,-0.0839946,-0.079294,-0.0316145,0.0570272],
  [1.29562,-0.414833,-0.691173,-0.0927288,0.726577,-0.5526,-1.02349,-0.0313222,2.26099,-0.255588,-0.329308,1.48243,0.140995,0.198199,0.661023,1.14711,-0.50219,-0.063389,1.70041,-0.00733792,0.0623152,0.042803,-0.0749463,0.0334851,0.00977205,0.000692864,0.0383051,-0.0728842,-0.0114555,0.0469761,-0.00596613,-0.0349678,0.0437866,0.0445994,-0.023541,0.0497499,0.0368379,-0.0716337,0.0803618,-0.0347734,0.0710187,-0.0399501,-0.0398786,0.0064445,-0.0422084,0.0874089,-0.020781,-0.0285291,0.00780274,-0.0140398,0.0426704,0.000338719,-0.0290694,-0.122711,0.0833942,-0.0127491,0.0637742,-0.067562,0.0914916,-0.0367878,0.137638,-0.0926802,-0.0553609,0.0466975,0.0481503,-0.0669156,-0.0223091,-0.0576731,0.00980579,0.0972931,-0.0320686,-0.0815427,-0.0546934,0.0445623,-0.0632101,0.00695715,-0.0422367,0.00125604,-0.0316977,0.0257408,0.0423135,-0.119448,-0.0184325,0.183376,-0.05918,0.00386978,-0.0305739,-0.0758484,-0.0104694,-0.0928932,0.0516814,-0.0443619,-0.0462903,-0.0300666,-0.0146993,0.0456933,-0.0401881,0.077833,-0.0433077,-0.00021664,-0.0403455,-0.0331357,-0.0789211,0.0502108,0.0313198,0.0286129,-0.00992079,-0.0631852,-0.0711168,0.0585567,0.0918507,0.00992394,0.0351309,-0.0929808,0.00477586,-0.0770351,-0.337007,-0.0251318,-0.028948,-0.0819741,0.0305763,-0.119437,-0.058523,-0.0313853,-0.0196784,0.00962448,0.187257,0.0197176,-0.00642941,-0.131041,-0.0959591,-0.0360942,0.0410931,0.0542432,0.0323729,-0.0199741,-0.0323064,-0.0451874,-0.0719992,-0.0124394,-0.0266532,-0.0350844,-0.0809113,-0.15831,0.0639123,0.0438771,-0.0460303,0.024789,0.0195375,0.0837574,-0.116332,-0.012983,0.0585254,-0.00297178,-0.0743742,-0.241543,0.111938,-0.0317894,0.0517125,0.0637603,0.0656126,0.0850906,0.00961011,-0.0258408,-0.00513102,-0.0752581,-0.0553911,0.0899891,0.0338213,0.0360348,-0.0716899,0.121573,0.0455149,0.123794,0.113084,0.129132,0.0166198,0.0256915,0.0546415,-0.0395973,0.0472052,-0.0368784,0.149083,-0.0899356,-0.0853616,-0.0903722,-0.0865268,0.0523598,0.0165701,0.106976,0.0800701,0.0064188,0.084124,-0.0499215,-0.157123,-0.101962,0.0449603,0.0521661,-0.0462803,-0.0617365,0.036841,-0.0689458,0.0874531,0.140113,-0.0435931,-0.0211854,0.012915,-0.108677,-0.111482,-0.0928381,-0.0415928,0.0830955],
  [3.4538,0.473481,0.210692,-0.467133,-0.584159,0.968808,-1.19429,-0.149715,9.95287,-0.0740815,0.77776,1.00093,2.9124,2.92607,-0.315214,-0.50219,17.4522,-0.210526,0.817956,-0.22104,-0.417351,0.227128,-0.436375,0.158034,0.00043838,0.000957198,-0.106827,-0.119576,-0.000274622,-0.0117527,-0.0952978,-0.228636,-0.186994,0.0262102,0.143497,0.260763,-0.344587,0.0211851,0.450002,-0.0548393,-0.30391,0.759942,0.0378997,-0.00142782,-0.164255,-0.306976,0.189686,0.0122968,0.0754309,-0.186259,0.586734,0.298752,0.239052,0.172517,-0.517785,-0.216619,-0.225135,-0.132586,0.32322,0.292701,-0.688907,-0.17375,-0.139754,-0.27737,0.0332009,0.048511,-0.168103,0.115024,-0.353878,-0.811896,0.0125789,-0.100544,0.390643,-0.306437,-0.0546493,0.162359,0.107941,0.179485,-0.153542,-0.482976,-0.294044,0.136619,0.464859,-0.617874,0.0636635,0.0404733,0.369277,0.133821,-0.0420499,0.024439,0.0891001,-0.0231055,0.253789,0.242809,-0.0357821,-0.105335,-0.0648969,0.0536682,0.211711,0.170601,0.0928681,-0.391707,0.187468,-0.0988595,0.0497352,0.541254,-0.00572363,-0.0321778,-0.0786385,-0.0149595,-0.141063,0.0697399,0.225507,0.25416,0.0410192,-0.348959,0.163186,-0.0210074,-0.173934,-0.218415,0.0185522,0.286497,-0.151589,-0.32639,-0.250721,0.0454174,-0.400185,0.00957061,-0.0462235,-0.325486,-0.0221798,-0.220206,0.150619,0.117305,-0.126587,0.34856,0.0986671,-0.0815006,0.378799,0.477154,0.0525875,0.0739671,-0.0124341,0.366444,0.104426,-0.0509031,0.004542,0.0607521,-0.285053,0.287,0.306146,-0.328626,-0.276296,-0.366343,-0.0650638,-0.0390514,-0.201152,-0.0792513,-0.330069,-0.341037,-0.455858,-0.196659,-0.191693,-0.303615,0.281111,-0.092523,-0.0193963,-0.0870073,-0.0713018,-0.00629837,-0.0029199,0.115773,-0.252284,0.199074,0.58582,-0.216397,-0.00990384,-0.269334,0.158604,0.0151809,0.0815991,0.376343,0.224864,0.152921,0.323693,-0.0404625,-0.407217,-0.356231,0.0227367,-0.0399091,-0.268771,0.304519,-0.317487,-0.241877,-0.204552,-0.127769,-0.0572946,0.00702658,0.082913,0.479797,-0.106799,0.413192,-0.310578,-0.350631,0.0234969,-0.112824,-0.0764402,0.154339,0.455215,0.194505,0.156408,0.0212937],
  [0.785539,0.310965,-0.373474,-3.08906,-0.0312683,-0.570918,-3.38617,0.705139,7.02174,-0.578194,-0.485505,0.946969,-0.280996,-0.262353,0.0719999,-0.063389,-0.210526,1.10359,0.976814,0.0506359,0.0494491,0.00039616,0.0697581,-0.00353166,-0.0525551,-0.000763414,0.025736,0.0885121,-0.0164844,0.0534796,-0.00567884,0.0131017,-0.0150513,-0.0157756,0.00112581,-0.00988269,-0.0167874,0.0578578,-0.00380876,-0.0145887,-0.0354547,0.0338289,0.0434252,0.00253662,0.0882119,-0.00539768,-0.0436116,-0.0232855,-0.00448102,0.0102798,0.0208747,0.0215566,-0.0071647,0.0396218,-0.00477918,-0.0263843,0.0572436,0.0257394,0.130612,-0.017886,-0.0254737,0.0225835,-0.0409462,0.0117022,0.0249987,0.0422042,0.0490838,0.004472,-0.0700881,-0.015455,-0.0487444,-0.0191722,-0.0474785,0.0860632,0.0287367,0.081785,-0.0627722,-0.102439,-0.000695246,0.00642823,0.0251114,0.0277465,0.102793,-0.1169,0.0198049,-0.0133108,-0.0759781,0.0032841,-0.0778221,-0.0858753,-0.0120588,-0.0339083,0.0136769,0.0962624,0.0266074,0.00563313,-0.121011,0.0388823,0.0485549,0.0455929,-0.0231981,0.0229396,-0.00433054,-0.0597195,0.0273164,0.0185847,-0.0154713,-0.0126507,0.0675451,-0.0104318,-0.0416995,-0.0179224,0.0146404,-0.0198446,0.0485816,-0.0268685,0.0302307,0.0216962,-0.0143156,-0.0212417,-0.0848045,-0.013433,0.00924753,-0.114118,0.0118938,0.0750577,-0.0490709,0.0404152,0.00458273,0.00257546,-0.0783801,-0.0630763,-0.0793087,-0.0429377,-0.0195321,0.0230681,0.0368823,-0.111812,0.0520164,0.0917297,-0.0410281,0.0255219,-0.00086886,0.0780407,-0.0182371,0.0256137,-0.0362057,-0.0706936,-0.00742776,0.0427004,-0.0298277,0.0254838,-0.0492969,-0.00673075,0.0134005,0.0692999,-0.115061,0.0307057,-0.00091669,0.0164015,0.0171841,-0.0655394,-0.00279638,0.0042079,0.0883599,0.066463,0.0424112,-0.161564,0.0707425,-0.0344649,0.116616,0.0217487,0.0480122,-0.0938927,-0.0933523,-0.105319,-0.0281237,0.0142815,0.00440619,0.0896102,0.0393489,0.0582057,-0.0275848,0.0686158,-0.00985324,-0.0381149,-0.0393491,-0.105486,0.0543931,-0.0747492,-0.0416139,0.024812,0.0254392,0.0115199,-0.0461991,0.0574998,-0.0582206,-0.115744,-0.00468953,0.020121,-0.0667469,-0.0752175,-0.109243,-0.0822942,-0.0177737,0.0816045,-0.0379395,0.0836238,-0.0424707,-0.0145399,0.0185891,0.0229918],
  [68.118,-0.210358,-5.43234,-98.5432,2.21628,-6.17393,-56.3951,1.12764,194.771,-5.68985,-3.06858,82.171,3.68095,4.0506,1.23561,1.70041,0.817956,0.976814,84.1039,-1.29093,0.475461,2.2368,-1.75769,0.0636862,-0.946521,0.00206858,0.812772,-0.0583126,0.570146,0.734595,0.0525076,-0.0352337,0.428945,-0.541374,-0.180311,2.8336,1.26686,-1.63166,0.867046,-0.782625,1.61393,-1.16239,-0.159563,0.137271,-1.17709,1.25013,0.143555,-0.157578,-0.775585,-1.12268,0.340008,0.605223,-0.287238,-0.827661,1.51713,1.86819,0.269392,0.0868532,4.49953,-2.41686,-1.07253,0.179254,-0.88781,0.674782,0.521081,-0.683527,0.271899,-0.854338,0.17966,1.44867,0.17906,-1.80583,1.26948,1.84617,-0.579939,-1.3237,1.17575,-0.0482216,-0.352984,-0.213903,0.685729,-1.03122,1.05663,2.27543,0.983356,-0.678591,-1.5181,-1.65159,-0.0529028,-0.165772,0.273503,0.268611,0.535404,-0.0774802,-0.302493,0.525496,-0.611864,0.977354,-0.766171,-0.545582,-0.1437,-2.18715,1.41605,0.451693,-0.0410062,1.45681,0.34739,-0.819004,-0.709845,-0.529832,0.802596,0.384232,1.56136,-0.825641,0.584655,-1.06362,-3.09844,-1.25836,-0.64748,0.20625,0.517128,-1.65902,-0.286805,-1.21903,-1.07023,0.482254,1.67938,-0.755682,-0.921498,-2.90587,0.498209,-0.159344,0.508365,0.347533,-0.125621,0.485246,-1.53491,-1.03306,-0.268244,-0.784921,-1.42454,0.480682,-1.35042,-0.92481,-0.595356,0.407434,-0.052833,0.808438,0.641496,1.0016,-0.840933,0.957973,1.06268,0.334488,0.481344,0.399929,2.33849,0.612615,-0.16763,-0.197095,-0.017001,0.296294,0.604339,-0.730948,-1.27241,0.133342,-0.966175,-0.840067,-0.557998,0.430369,-1.46109,0.207909,-0.776214,0.554454,1.22237,0.613185,0.448538,-1.14399,-0.544691,-0.743914,-1.08536,0.912338,1.61521,-0.656639,0.217634,-0.444015,-1.4959,1.19578,0.0982294,0.721938,0.88817,0.927324,0.42931,1.03444,-0.850173,-0.984984,-1.24089,-0.551989,-0.0821363,-0.497219,0.469422,-1.08435,-0.283224,0.28868,-0.0024755,1.32632,-1.49909,-0.535271,-0.909635,-0.793606,-2.10654,0.631619],
