{"inv_metric": [[0.20705, -0.00690763, 0.0242653, 0.00242389, 0.00360445, 0.0236303, -0.0428573, 0.00684452, 0.011034, -0.0167832, -0.0344042, -0.0238872, -0.073988, -0.028717, 0.0157686, -0.0113709, 0.00703947, 0.0289053, -0.0286418, -0.0591845, -0.0895449, -0.0141237, -0.0876939, -0.0106928, 0.0264874, 0.0572772, 0.0509093, -0.0849427, -0.025786, 0.0211605, -0.0423224, 0.0455794, 0.0438542, -0.0261537, 0.0231023, -0.0123524, 0.0609129, -0.00124525, -0.00586283, 0.0360275, 0.0496275, -0.00913052, -0.0326881, -0.0598813, -0.000944727, -0.00634564, -0.00682972, -0.00679712, 0.0544224, 0.0708685, -0.0594093, 0.0732773, -0.0214927, -0.0218544, 0.00531852, 0.0560776, -0.0332414, -0.0608067, -0.0235873, 0.0614638, 0.0660241, 0.0448074, -0.0212274, 0.00905879], [-0.00690763, 0.133937, -0.0182215, 0.0989516, -0.00465569, -0.0162541, 0.0302632, -0.00446706, 0.00176388, 0.00241313, 0.0312498, -0.011478, 0.0120705, 0.0234943, -0.0273383, -0.000807312, -0.0538309, -0.0152342, -0.032982, 0.0689483, -0.0480692, -0.027751, 0.00571311, 0.0167323, 0.0491763, -0.00482134, 0.0336723, -0.0166874, -0.0546383, 0.00855258, -0.034711, -0.0344528, 0.00268204, -0.0277834, 0.0667991, 0.035455, -0.0445849, 0.0348181, 0.0416017, -0.0517941, 0.0153224, -0.0184683, 0.0107377, -0.0262804, 0.0195047, -0.00165919, -0.0282597, 0.000227584, 0.000557659, 0.00675687, -0.0211474, -0.0364381, -0.0392919, 0.0170903, 0.00236294, -0.0534362, -0.00578459, 0.0446637, 0.0444303, -0.0131551, -0.0065825, -0.0428907, -0.0273696, 0.0382369], [0.0242653, -0.0182215, 0.175213, -0.0182164, 0.0219858, 0.0205508, -0.0130441, -0.00855057, -0.00919434, 0.156753, 0.105063, 0.0564505, 0.0527587, -0.00484115, 0.0594152, -0.00995034, 0.0186849, -0.036226, -0.00229022, 0.0389519, -0.0458472, -0.0145541, 0.0541755, 0.0273903, -0.0227609, -0.0460381, 0.0906347, 0.064855, -0.0582978, -0.0319029, 0.0428658, -0.00536751, -0.0206896, 0.0103932, -0.0207614, -0.0836198, 0.0470678, -0.00135461, -0.0998451, 0.0583749, -0.0281819, 0.00348376, 0.0581299, 0.0285659, 0.00299458, -0.0188549, -0.00186905, -0.0344361, 6.15974e-06, -0.037922, 0.0450735, -0.0268917, 0.0557668, -0.0576265, 0.00524785, -0.0976251, 0.010596, 0.00539798, -0.0344181, 0.190052, 0.0572939, -0.0192531, -0.0140435, 0.0309292], [0.00242389, 0.0989516, -0.0182164, 0.137736, -0.00583445, -0.011486, 0.0369375, 0.0171283, 0.00321113, -0.0146216, -0.00827762, -0.0108275, 0.00556178, 0.0540202, -0.00231986, -0.0108853, -0.0743122, -0.0114011, -0.0544698, 0.08836, -0.0402016, -0.0170627, 0.021999, 0.00783743, 0.0653049, 0.0400337, 0.0793945, -0.0143532, -0.0471471, -0.0242359, -0.0487184, -0.0363122, 0.000985046, -0.0168352, 0.0434933, 0.0351688, -0.0623025, 0.0182556, 0.0453601, -0.019066, 0.025068, 0.0105098, -0.0125211, -0.0134078, 0.0413308, 0.0646737, -0.0657454, 0.0162033, 0.00405609, 0.0295399, -0.043239, 0.00232807, -0.0425776, 0.000972008, 0.0284198, 0.0130622, 0.00715979, -0.0346679, 0.0557989, 0.0218641, -0.0241841, -0.0448536, -0.00990618, -0.0886856], [0.00360445, -0.00465569, 0.0219858, -0.00583445, 0.025119, -0.0157884, 0.0174037, -0.00864219, -0.00248949, 0.111748, 0.0235313, -0.00807443, 0.00347799, 0.0149009, -0.00466682, -0.0128596, 0.0240978, -0.0133793, 0.000837861, -0.0144571, -0.013407, -0.0148118, 0.000493878, -0.00823614, -0.0228142, -0.00103307, 0.0587067, 0.00772655, -0.0194391, -0.03545, 0.0109787, 0.0104198, -0.0304131, -0.00650435, -0.0250522, 0.000151524, 0.00708453, -6.22536e-05, -0.0447324, -0.00694245, -0.0121202, -0.037534, -0.0011101, 0.00580968, -0.034128, -0.0152582, 0.0069937, -0.0244109, 0.00181577, -0.0225323, 0.0253537, -0.0208924, 0.0175919, -0.0219225, 0.00416984, -0.0503158, 0.00980855, 0.00265982, -0.00229439, 0.0452638, 0.0316717, -0.0235004, -0.00856635, 0.0164219], [0.0236303, -0.0162541, 0.0205508, -0.011486, -0.0157884, 0.392783, -0.0672493, -0.0282162, -0.0216061, -0.0836329, -0.0549815, 0.300591, -0.206708, 0.00451243, 0.016645, -0.0421882, -0.000833822, -0.0587998, 0.0607765, 0.0361318, 0.13474, 0.0459219, 0.0724422, -0.141876, -0.0275719, -0.0114727, -0.00284456, 0.0429697, 0.0249963, 0.00418574, -0.178518, 0.050886, -0.0192847, 0.00463317, -0.0871523, -0.156615, -0.0127006, 0.0354213, 0.00819017, 0.111315, -0.0113322, 0.020556, 0.187146, -0.00312514, 0.0523863, 0.119071, -0.153424, -0.0616132, 0.0529481, -0.0693025, 0.0865849, -0.0609342, -0.0527804, 0.142121, -0.0302505, 0.119713, -0.18193, 0.020589, -0.142664, 0.0304882, -0.111823, 0.0900855, 0.0961879, -0.009366], [-0.0428573, 0.0302632, -0.0130441, 0.0369375, 0.0174037, -0.0672493, 0.409083, -0.00477424, -0.00479948, 0.149032, 0.0134543, 0.0566305, 0.0639466, 0.321153, -0.227871, -0.0240337, -0.106613, -0.0471303, 0.0137046, 0.0830268, -0.122934, 0.0331891, -0.0130402, 0.127717, -0.04067, 0.0182936, 0.0777733, -3.92619e-07, -0.182002, -0.0830427, 0.0819595, 0.0239222, -0.0279679, 0.00137407, -0.0787103, 0.125275, -0.0124622, 0.0765214, 0.00759856, -0.079795, 0.000897795, -0.118619, -0.0360524, 0.0200624, -0.0341639, 0.0534596, 0.127933, 0.0151062, 0.0237967, 0.0168572, 0.120055, 0.0765937, 0.0270652, -0.0887339, -0.0173675, -0.19232, 0.136847, 0.00835829, -0.113888, 0.0633066, 0.170466, -0.011144, 0.0690612, -0.0572893], [0.00684452, -0.00446706, -0.00855057, 0.0171283, -0.00864219, -0.0282162, -0.00477424, 0.15125, -0.00690975, -0.0373484, 0.0454015, -0.0521637, 0.00143099, -0.00302241, 0.00283393, 0.214659, -0.0553855, -0.0272708, -0.00362205, 0.0394322, 0.047378, -0.0363854, 0.0890143, -0.000928829, 0.0288346, 0.0047592, -0.0331943, -0.00491429, 0.0482001, -0.00830216, -0.0591591, 0.0177547, 0.020119, -0.0577725, 0.0113954, -0.0294012, -0.0162169, 0.0151319, -0.0105626, 0.020609, 0.00173282, 0.0178363, -0.0836042, -0.00451175, 0.0182114, 0.0349234, -0.00990422, 0.036576, -0.0317158, 0.00538299, 0.0439917, 0.00583585, -0.0667542, 0.0142389, 0.0410389, 0.00421291, 0.0702348, -0.0514181, 0.0663946, 0.0235882, -0.055603, 0.00740218, -0.00541518, -0.0797078], [0.011034, 0.00176388, -0.00919434, 0.00321113, -0.00248949, -0.0216061, -0.00479948, -0.00690975, 0.0314558, -0.00768315, -0.0225506, -0.0192479, 0.0102559, -0.00459603, -0.00394631, -0.0163585, 0.00716047, 0.0854251, -0.0597494, -0.00489803, -0.0293759, 0.0122685, -0.0460107, 0.0103028, 0.00531034, -0.00378176, 0.00736606, -0.0549, -0.0384004, 0.0197786, 0.0183052, -0.0138275, 0.00387127, -0.0123563, 0.0318953, 0.014637, 0.00362563, -0.00580706, 0.0335895, 0.00840902, 0.016013, 0.00329046, -0.0151574, -0.0296774, -0.0131344, -0.00843903, 0.0183174, -0.0130841, -0.00107485, 0.0355231, -0.0238405, 0.0155009, 0.0342364, -0.0988375, -0.00937051, -0.0432304, -0.0232726, -0.0526373, 0.00810271, 0.00224805, 0.0338285, 0.0182955, -0.00676759, 0.000583332], [-0.0167832, 0.00241313, 0.156753, -0.0146216, 0.111748, -0.0836329, 0.149032, -0.0373484, -0.00768315, 0.815207, 0.32733, 0.0759564, 0.136324, 0.0799327, -0.0037824, -0.0590571, -0.0308733, -0.100284, -0.0253594, 0.231167, -0.0670304, -0.0994543, 0.00442692, 0.0327755, -0.0938424, -0.0953512, 0.256477, 0.083669, -0.192981, -0.216957, 0.145514, -0.0092849, -0.180768, 0.00199099, -0.0347714, 0.0650714, 0.0412119, 0.0104179, -0.182076, -0.0147405, -0.0806694, -0.311712, 0.117079, 0.0771521, -0.1311, -0.0475285, 0.0394848, -0.103205, 0.0126079, -0.1273, 0.226131, -0.153588, 0.149433, -0.195431, 0.0233353, -0.394144, 0.170752, 0.0158825, -0.0231822, 0.314539, 0.254895, -0.156984, -0.06268, 0.0956736], [-0.0344042, 0.0312498, 0.105063, -0.00827762, 0.0235313, -0.0549815, 0.0134543, 0.0454015, -0.0225506, 0.32733, 0.806861, 0.0259306, 0.112256, -0.139302, -0.0371873, 0.0398918, -0.139724, -0.0984374, -0.0125435, 0.126008, -0.102735, -0.0475905, 0.124546, 0.205224, -0.144085, -0.123538, -0.0750721, 0.172056, 0.100343, -0.111699, 0.0825885, -0.0951733, -0.0465528, 0.0265656, 0.0545709, 0.00916292, 0.0447323, -0.0398021, -0.0182503, -0.21405, 0.0441267, -0.21699, -0.00238878, 0.10855, 0.00490945, -0.0957693, 0.127476, -0.0460207, -0.0464839, -0.0663417, 0.204951, -0.247486, 0.0274587, -0.0849394, 0.0981299, -0.226683, 0.215221, -2.65752e-05, 0.167451, 0.214633, 0.0568219, -0.0362457, -0.0155425, 0.147265], [-0.0238872, -0.011478, 0.0564505, -0.0108275, -0.00807443, 0.300591, 0.0566305, -0.0521637, -0.0192479, 0.0759564, 0.0259306, 0.536622, 0.148711, 0.0863783, 0.0104647, -0.0896305, -0.061187, -0.085943, -0.0611036, 0.0907806, 0.0115364, 0.0665871, 0.0537129, -0.0943768, -0.0591692, -0.0980929, -0.0705101, 0.0240005, -0.0439772, 0.00712281, 0.0487458, 0.00400591, 0.0117331, 0.048015, -0.0406964, -0.115226, 0.0641038, 0.0365083, -0.0388785, 0.0601156, -0.0270048, -0.109109, 0.265827, 0.0501907, -0.00167076, 0.0859909, 0.0129381, -0.114215, -0.00800386, -0.0734692, 0.0869918, -0.0464431, 0.101819, 0.0608011, -0.0247521, -0.0332541, -0.04843, 0.0613512, -0.0860238, 0.182444, -0.0075387, 0.0180691, 0.0513793, 0.038943], [-0.073988, 0.0120705, 0.0527587, 0.00556178, 0.00347799, -0.206708, 0.0639466, 0.00143099, 0.0102559, 0.136324, 0.112256, 0.148711, 0.496188, 0.0520867, 0.0481548, 0.0061422, -0.0440878, -0.00473321, -0.156679, 0.0301554, -0.127195, 0.0191993, 0.0138054, 0.0803411, -0.0322393, -0.0955171, -0.118001, -0.0373866, -0.0513305, 0.0482291, 0.254908, -0.105465, 0.069045, 0.0645942, 0.0993763, 0.01994, 0.0742587, 0.0184106, -0.0578959, -0.0578771, 0.0176956, -0.0703733, 0.0487485, 0.032017, -0.0355093, -0.10748, 0.225557, -0.0233158, -0.0851307, 0.0134959, -0.0923517, -0.00572966, 0.169256, -0.114545, 0.0086286, -0.157575, 0.110365, 0.0358628, 0.176263, 0.173474, 0.0100505, -0.147555, -0.116665, 0.0617514], [-0.028717, 0.0234943, -0.00484115, 0.0540202, 0.0149009, 0.00451243, 0.321153, -0.00302241, -0.00459603, 0.0799327, -0.139302, 0.0863783, 0.0520867, 0.708452, -0.00327612, 0.0109835, 0.116898, -0.0411185, -0.0329263, 0.078757, -0.0519167, 0.290365, -0.13336, -0.180929, 0.0235899, 0.0856018, 0.101325, 0.0271247, -0.14851, -0.0191539, -0.00282425, -0.0473116, -0.0438145, -0.0596552, -0.0471367, 0.152466, 0.0905297, 0.0583216, -0.0184524, -0.0549526, -0.0433359, -0.0445624, -0.0910935, -0.0820594, 0.0332822, -0.0127621, 0.0943589, 0.0358862, 0.0714111, -0.0254881, 0.000233062, 0.0519005, -0.045198, -0.0661506, -0.0114095, -0.0624592, -0.145604, -0.0154376, -0.0318779, 0.00956876, 0.0335101, -0.235777, 0.1469, -0.126399], [0.0157686, -0.0273383, 0.0594152, -0.00231986, -0.00466682, 0.016645, -0.227871, 0.00283393, -0.00394631, -0.0037824, -0.0371873, 0.0104647, 0.0481548, -0.00327612, 0.844865, 0.0297164, 0.0770684, -0.0566805, -0.240898, 0.124268, -0.0593776, -0.0552472, -0.20719, 0.101408, -0.0900334, -0.103625, -0.0544056, 0.0149096, 0.00941782, 0.161947, 0.0439189, -0.128303, 0.011006, -0.104098, 0.10567, 0.0311329, 0.129284, -0.0429425, -0.100412, 0.101207, 0.0277633, 0.0210937, 0.131497, 0.0285086, -0.0412966, -0.053947, -0.0549872, 0.0855445, 0.0193565, -0.0159381, -0.269078, 0.104397, 0.0524721, -0.0567452, 0.122939, 0.087213, -0.0927323, -0.0919271, 0.116781, -0.0513238, -0.153495, -0.207449, -0.0559619, -0.0196623], [-0.0113709, -0.000807312, -0.00995034, -0.0108853, -0.0128596, -0.0421882, -0.0240337, 0.214659, -0.0163585, -0.0590571, 0.0398918, -0.0896305, 0.0061422, 0.0109835, 0.0297164, 0.385413, 0.0448057, -0.0387898, 0.0489766, 0.0466172, 0.0625503, -0.0317048, 0.126388, -0.0128311, 0.0419235, -0.0153557, -0.0551645, 0.0309071, 0.0755312, 0.0280831, -0.112303, 0.0360464, 0.0781178, -0.0839441, -0.0170786, -0.0904948, 0.0381144, 0.0498671, -0.0367397, 0.0137128, -0.00330564, 0.0243414, -0.084489, 0.00887463, 0.02038, 0.00576199, 0.0147572, 0.0974157, -0.06181, -0.0401979, 0.0289041, -0.00376501, -0.140354, 0.0751224, 0.0453898, -0.0169416, 0.058534, -0.00149571, 0.101719, -0.0412547, -0.109888, -0.0228544, -0.00613015, -0.0792648], [0.00703947, -0.0538309, 0.0186849, -0.0743122, 0.0240978, -0.000833822, -0.106613, -0.0553855, 0.00716047, -0.0308733, -0.139724, -0.061187, -0.0440878, 0.116898, 0.0770684, 0.0448057, 0.8423, 0.0895752, 0.126714, -0.112343, -0.0322831, 0.18579, -0.0772829, -0.189214, 0.0396361, 0.0783414, 0.0547572, 0.106874, 0.125118, 0.118943, -0.146771, 0.122998, 0.0346412, -0.0290196, -0.142195, -0.119386, 0.203961, 0.0775149, -0.195925, 0.0533414, -0.0416642, -0.0311823, -0.0674077, -0.0754804, -0.0611463, -0.1461, -0.0715558, -0.113786, -0.0505256, -0.168147, -0.0611261, -0.0688123, -0.0158741, 0.0601494, -0.0816015, 0.103148, -0.264413, 0.0683507, 0.0134107, -0.210048, 0.102908, 0.0895747, 0.0193278, -0.0302633], [0.0289053, -0.0152342, -0.036226, -0.0114011, -0.0133793, -0.0587998, -0.0471303, -0.0272708, 0.0854251, -0.100284, -0.0984374, -0.085943, -0.00473321, -0.0411185, -0.0566805, -0.0387898, 0.0895752, 0.334579, -0.0129144, -0.0776173, -0.0727267, 0.0685929, -0.0984197, 0.00996641, 0.0579189, 0.0630052, -0.000695122, -0.10498, -0.0231623, 0.095548, 0.027787, -0.0270066, 0.068021, 0.0172088, 0.0154713, -0.0147829, -0.00116475, 0.0240603, 0.183046, -0.00168946, 0.0419059, 0.0456901, -0.0727374, -0.0504056, -0.0172484, -0.00954137, 0.0592655, -0.0310289, 0.0581067, 0.0875607, -0.0887376, 0.03639, 0.0743619, -0.213142, -0.0504405, -0.12445, -0.125163, -0.103074, 0.042331, -0.0342438, 0.0689045, 0.0220109, 0.0229904, 0.0112491], [-0.0286418, -0.032982, -0.00229022, -0.0544698, 0.000837861, 0.0607765, 0.0137046, -0.00362205, -0.0597494, -0.0253594, -0.0125435, -0.0611036, -0.156679, -0.0329263, -0.240898, 0.0489766, 0.126714, -0.0129144, 0.903756, 0.0333735, 0.118258, 0.0310937, 0.128121, -0.0506379, 0.104996, 0.145485, -0.109432, 0.243455, 0.150156, -0.046051, -0.0821444, 0.0306749, 0.122236, 0.0615742, -0.138953, -0.110914, 0.0450627, 0.0364486, -0.0270832, -0.0699388, -0.0947837, -0.0611344, 0.0171072, 0.0199358, -0.0861894, -0.0277805, -0.0623448, 0.134, 0.0123603, -0.171401, 0.147417, -0.0643383, -0.0310924, 0.329937, -0.163516, -0.0616941, -0.114983, 0.123859, 0.0266765, -0.112218, -0.0912751, 0.0711573, 0.122959, 0.121403], [-0.0591845, 0.0689483, 0.0389519, 0.08836, -0.0144571, 0.0361318, 0.0830268, 0.0394322, -0.00489803, 0.231167, 0.126008, 0.0907806, 0.0301554, 0.078757, 0.124268, 0.0466172, -0.112343, -0.0776173, 0.0333735, 1.08052, -0.0240767, -0.143103, 0.110007, -0.0218001, 0.0487556, -0.130252, 0.033396, 0.0938158, -0.0126861, -0.148335, -0.0742537, -0.0963377, 0.0630777, -0.089755, 0.142674, 0.0369425, -0.185815, 0.171833, -0.0628788, 0.00824694, 0.138989, -0.24423, 0.234633, -0.0612369, -0.024289, 0.0776605, -0.151028, 0.17179, -0.000739108, -0.101383, 0.187433, -0.0334091, -0.0773403, -0.133874, -0.0146116, -0.203415, 0.0100144, -0.0404034, -0.114975, 0.179698, 0.0644673, -0.0101074, -0.0543518, -0.0536348], [-0.0895449, -0.0480692, -0.0458472, -0.0402016, -0.013407, 0.13474, -0.122934, 0.047378, -0.0293759, -0.0670304, -0.102735, 0.0115364, -0.127195, -0.0519167, -0.0593776, 0.0625503, -0.0322831, -0.0727267, 0.118258, -0.0240767, 0.808157, -0.0195194, 0.105311, -0.205048, 0.0449389, 0.0545499, -0.000766841, 0.13153, 0.0658764, -0.00429524, -0.124452, 0.0853272, -0.13138, 0.0450862, -0.00882282, -0.0797595, -0.197409, -0.0823594, 0.0146258, 0.163454, -0.087128, 0.182514, -0.0567174, 0.105688, 0.0919137, -0.0906008, -0.163066, 0.007258, -0.0971647, 0.0197433, 0.213126, -0.102298, -0.0491355, 0.269163, -0.0506586, 0.31573, -0.0557077, 0.0675801, -0.085345, -0.150497, -0.275302, 0.125931, 0.0350095, 0.0758652], [-0.0141237, -0.027751, -0.0145541, -0.0170627, -0.0148118, 0.0459219, 0.0331891, -0.0363854, 0.0122685, -0.0994543, -0.0475905, 0.0665871, 0.0191993, 0.290365, -0.0552472, -0.0317048, 0.18579, 0.0685929, 0.0310937, -0.143103, -0.0195194, 0.744132, -0.000615889, 0.0728765, 0.173484, 0.081682, -0.0943792, 0.0118688, 0.0381269, 0.0525274, 0.118223, -0.053583, 0.0678988, 0.0925877, 0.0774507, 0.0159514, 0.0821737, -0.0166508, 0.0721429, 0.00852928, -0.0507198, 0.127933, -0.0839606, 0.0434397, 0.0470271, -0.116089, 0.185664, 0.0529761, 0.136739, 0.0578032, 0.00770491, 0.0466215, -0.0855368, 0.082167, -0.0371739, 0.00279905, -0.221413, -0.0286212, 0.0496802, -0.121449, 0.0195914, -0.117707, 0.0735342, -0.0437508], [-0.0876939, 0.00571311, 0.0541755, 0.021999, 0.000493878, 0.0724422, -0.0130402, 0.0890143, -0.0460107, 0.00442692, 0.124546, 0.0537129, 0.0138054, -0.13336, -0.20719, 0.126388, -0.0772829, -0.0984197, 0.128121, 0.110007, 0.105311, -0.000615889, 0.960782, 0.0992997, -0.112009, -0.0702873, -0.0693033, 0.0458246, 0.18872, -0.074799, -0.0738033, 0.114475, 0.120291, 0.078769, -0.0739735, -0.24571, 0.0514617, -0.0150301, -0.0546575, -0.0030286, -0.0328634, 0.0770187, 0.112205, 0.173769, 0.0720981, 0.153634, -0.168519, 0.09374, -0.116573, -0.0142507, 0.33598, 0.0730039, -0.105448, 0.0843157, 0.111705, 0.0454654, 0.168387, 0.0762386, 0.0233459, 0.316899, -0.158819, 0.076474, -0.217325, -0.0628388], [-0.0106928, 0.0167323, 0.0273903, 0.00783743, -0.00823614, -0.141876, 0.127717, -0.000928829, 0.0103028, 0.0327755, 0.205224, -0.0943768, 0.0803411, -0.180929, 0.101408, -0.0128311, -0.189214, 0.00996641, -0.0506379, -0.0218001, -0.205048, 0.0728765, 0.0992997, 0.867655, -0.173627, -0.17308, -0.102893, -0.0155052, -0.147622, 0.102699, 0.172507, 0.0300818, 0.0188866, 0.0435215, 0.0420462, 0.117192, 0.0447297, 0.063678, 0.0741136, -0.0458477, 0.0972251, 0.133113, -0.0403837, 0.159517, -0.0578626, -0.119407, 0.169843, 0.0686927, 0.019211, 0.108428, -0.00196285, 0.132187, 0.0730339, -0.0686091, 0.126343, -0.253388, 0.168831, -0.0969122, 0.0751318, -0.0717891, 0.199828, 0.0523005, -0.0483923, -0.0172336], [0.0264874, 0.0491763, -0.0227609, 0.0653049, -0.0228142, -0.0275719, -0.04067, 0.0288346, 0.00531034, -0.0938424, -0.144085, -0.0591692, -0.0322393, 0.0235899, -0.0900334, 0.0419235, 0.0396361, 0.0579189, 0.104996, 0.0487556, 0.0449389, 0.173484, -0.112009, -0.173627, 1.05902, 0.23153, 0.0184706, -0.128424, 0.0335824, 0.046543, 0.0632614, -0.143574, 0.0339299, 0.0109277, 0.187835, -0.0596703, -0.0714305, 0.0638617, -0.0762594, 0.083992, -0.0706534, -0.123174, -0.131455, -0.0737733, 0.0323223, 0.127626, -0.115823, 0.0270709, 0.148595, 0.123494, -0.0260473, 0.0468018, -0.082813, 0.0721916, -0.0204132, 0.0248859, -0.0680193, 0.101062, 0.00334527, -0.205604, 0.0897644, 0.108342, -0.0051793, -0.0127074], [0.0572772, -0.00482134, -0.0460381, 0.0400337, -0.00103307, -0.0114727, 0.0182936, 0.0047592, -0.00378176, -0.0953512, -0.123538, -0.0980929, -0.0955171, 0.0856018, -0.103625, -0.0153557, 0.0783414, 0.0630052, 0.145485, -0.130252, 0.0545499, 0.081682, -0.0702873, -0.17308, 0.23153, 0.85388, 0.0019489, -0.0100798, 0.0884742, 0.106701, -0.0280042, 0.00382931, -0.00401496, 0.189676, -0.160619, -0.112164, 0.0122794, 0.0607146, 0.0242163, 0.00056225, 0.128988, -0.0652507, -0.132008, 0.00666998, 0.0727607, 0.09068, 0.0125545, 0.0898109, 0.220381, 0.104225, 0.00669875, 0.109493, 0.0335253, 0.124959, -0.0596109, 0.178437, -0.0372369, 0.146202, -0.0397392, -0.132133, -0.124296, 0.0227121, 0.100447, -0.0722955], [0.0509093, 0.0336723, 0.0906347, 0.0793945, 0.0587067, -0.00284456, 0.0777733, -0.0331943, 0.00736606, 0.256477, -0.0750721, -0.0705101, -0.118001, 0.101325, -0.0544056, -0.0551645, 0.0547572, -0.000695122, -0.109432, 0.033396, -0.000766841, -0.0943792, -0.0693033, -0.102893, 0.0184706, 0.0019489, 1.0186, 0.13184, -0.159563, -0.139872, -0.117037, 0.0487737, 0.0235744, -0.0567921, -0.115881, -0.0223848, 0.0125159, 0.111098, -0.0129941, 0.186563, 0.0736048, -0.0841122, -0.00100065, 0.041453, 0.0510929, 0.022739, -0.170746, 0.0260506, 0.0556662, -0.105973, 0.0594603, -0.182327, 0.0588056, -0.0214315, -0.0679384, 0.120328, 0.0587069, 0.0139522, -0.0696006, 0.158875, 0.114001, -0.0505584, 0.0535615, -0.120855], [-0.0849427, -0.0166874, 0.064855, -0.0143532, 0.00772655, 0.0429697, -3.92619e-07, -0.00491429, -0.0549, 0.083669, 0.172056, 0.0240005, -0.0373866, 0.0271247, 0.0149096, 0.0309071, 0.106874, -0.10498, 0.243455, 0.0938158, 0.13153, 0.0118688, 0.0458246, -0.0155052, -0.128424, -0.0100798, 0.13184, 0.9723, 0.0730419, 0.0134572, -0.0555639, 0.0290379, -0.0424064, 0.027347, 0.0269298, -0.131536, -0.0357747, 0.0496295, -0.0410811, -0.0278343, -0.0219017, -0.0987866, -0.0634941, 0.104267, 0.150509, 0.0628635, -0.157948, 0.0944472, 0.110738, -0.150362, 0.080353, -0.113379, 0.00640773, 0.186665, 0.0595978, -0.115701, -0.0940122, 0.0919651, 0.0842852, -0.0274802, -0.218631, -0.123079, 0.225728, 0.0951542], [-0.025786, -0.0546383, -0.0582978, -0.0471471, -0.0194391, 0.0249963, -0.182002, 0.0482001, -0.0384004, -0.192981, 0.100343, -0.0439772, -0.0513305, -0.14851, 0.00941782, 0.0755312, 0.125118, -0.0231623, 0.150156, -0.0126861, 0.0658764, 0.0381269, 0.18872, -0.147622, 0.0335824, 0.0884742, -0.159563, 0.0730419, 0.746368, 0.0116792, -0.162164, -0.0135131, 0.0901373, -0.0355766, -0.11456, -0.169393, -0.0699904, -0.0462114, 0.00181276, -0.0486037, 0.0775505, -0.00768381, -0.0550161, 0.0267079, 0.0135779, -0.130132, -0.0967796, 0.0580976, 0.0345053, -0.0750589, 0.00891519, -0.0594095, -0.0481394, 0.169149, -0.0189176, 0.27818, 0.080478, 0.0724943, 0.0616243, -0.0427138, -0.0956998, -0.00761056, 0.0224732, 0.04818], [0.0211605, 0.00855258, -0.0319029, -0.0242359, -0.03545, 0.00418574, -0.0830427, -0.00830216, 0.0197786, -0.216957, -0.111699, 0.00712281, 0.0482291, -0.0191539, 0.161947, 0.0280831, 0.118943, 0.095548, -0.046051, -0.148335, -0.00429524, 0.0525274, -0.074799, 0.102699, 0.046543, 0.106701, -0.139872, 0.0134572, 0.0116792, 0.5638, 0.0499384, -0.101706, 0.0531408, -0.0219554, 0.0593196, -0.075816, 0.0832139, 0.0621274, -0.016498, 0.0320355, 0.0914812, 0.0790574, -0.0385954, 0.0168651, 0.0276235, -0.0961051, 0.0347836, -0.0398391, 0.0437677, 0.0683726, -0.139016, 0.0785059, 0.129162, -0.00231992, -0.103013, 0.0311856, -0.116497, -0.000472307, 0.173903, -0.256819, -0.0858828, 0.0285574, 0.0163863, 0.037119], [-0.0423224, -0.034711, 0.0428658, -0.0487184, 0.0109787, -0.178518, 0.0819595, -0.0591591, 0.0183052, 0.145514, 0.0825885, 0.0487458, 0.254908, -0.00282425, 0.0439189, -0.112303, -0.146771, 0.027787, -0.0821444, -0.0742537, -0.124452, 0.118223, -0.0738033, 0.172507, 0.0632614, -0.0280042, -0.117037, -0.0555639, -0.162164, 0.0499384, 0.784998, -0.147433, -0.0207794, 0.168736, 0.120126, 0.149429, 0.0978973, -0.115607, 0.00951159, -0.0620822, -0.0827399, -0.0620867, -0.0536494, 0.206341, -0.123505, -0.0876139, 0.21587, -0.0294503, -0.0786607, 0.1113, -0.089169, 0.0825795, 0.185767, -0.176847, 0.0833915, -0.188076, 0.165417, 0.0243049, 0.0659293, -0.0448264, 0.0909323, 0.0316142, -0.0152999, 0.13038], [0.0455794, -0.0344528, -0.00536751, -0.0363122, 0.0104198, 0.050886, 0.0239222, 0.0177547, -0.0138275, -0.0092849, -0.0951733, 0.00400591, -0.105465, -0.0473116, -0.128303, 0.0360464, 0.122998, -0.0270066, 0.0306749, -0.0963377, 0.0853272, -0.053583, 0.114475, 0.0300818, -0.143574, 0.00382931, 0.0487737, 0.0290379, -0.0135131, -0.101706, -0.147433, 0.543523, -0.122189, 0.0030323, -0.11627, 0.0195258, 0.0352908, 0.128412, -0.0510332, 0.0758039, -0.0471305, 0.0884455, -0.118053, 0.040407, 0.0488098, 0.0205552, -0.103977, -0.0245103, 0.0103196, -0.0599097, 0.103565, 0.13454, -0.0550272, 0.114153, -0.00913578, 0.0444347, -0.0660225, 0.0900341, -0.155385, 0.00629111, 0.153488, 0.107819, 0.00361497, -0.0747961], [0.0438542, 0.00268204, -0.0206896, 0.000985046, -0.0304131, -0.0192847, -0.0279679, 0.020119, 0.00387127, -0.180768, -0.0465528, 0.0117331, 0.069045, -0.0438145, 0.011006, 0.0781178, 0.0346412, 0.068021, 0.122236, 0.0630777, -0.13138, 0.0678988, 0.120291, 0.0188866, 0.0339299, -0.00401496, 0.0235744, -0.0424064, 0.0901373, 0.0531408, -0.0207794, -0.122189, 0.770742, 0.0432145, 0.091703, 0.017353, 0.0189679, 0.082207, 0.0611885, -0.159285, 0.148036, -0.0719879, 0.256551, 0.0517099, 0.0129089, 0.00884768, 0.165371, 0.16961, -0.0413288, -0.0288929, -0.0985634, -0.0198589, -0.0114426, 0.0213132, -0.0536066, 0.194453, -0.0399059, 0.037739, 0.118839, 0.013096, -0.0186744, -0.156098, -0.0291622, 0.0412386], [-0.0261537, -0.0277834, 0.0103932, -0.0168352, -0.00650435, 0.00463317, 0.00137407, -0.0577725, -0.0123563, 0.00199099, 0.0265656, 0.048015, 0.0645942, -0.0596552, -0.104098, -0.0839441, -0.0290196, 0.0172088, 0.0615742, -0.089755, 0.0450862, 0.0925877, 0.078769, 0.0435215, 0.0109277, 0.189676, -0.0567921, 0.027347, -0.0355766, -0.0219554, 0.168736, 0.0030323, 0.0432145, 0.53811, -0.0884818, 0.000426764, -0.112489, 0.000381338, 0.115023, 0.034887, -0.0773372, 0.0929997, 0.185105, 0.155035, 0.0485226, 0.0360123, 0.0121796, -0.00717219, 0.0880673, 0.0507556, -0.0464292, -0.00321579, -0.0640786, 0.0666007, 0.0548153, 0.0259232, -0.0482569, 0.111999, -0.164261, -0.0349621, -0.100513, -0.0160267, -0.0289678, 0.0153979], [0.0231023, 0.0667991, -0.0207614, 0.0434933, -0.0250522, -0.0871523, -0.0787103, 0.0113954, 0.0318953, -0.0347714, 0.0545709, -0.0406964, 0.0993763, -0.0471367, 0.10567, -0.0170786, -0.142195, 0.0154713, -0.138953, 0.142674, -0.00882282, 0.0774507, -0.0739735, 0.0420462, 0.187835, -0.160619, -0.115881, 0.0269298, -0.11456, 0.0593196, 0.120126, -0.11627, 0.091703, -0.0884818, 0.680906, 0.0840072, -0.0389545, -0.132635, -0.036209, 0.0377582, -0.00108682, -0.0337326, -0.0262009, -0.029887, 0.13811, 0.0328061, -0.0243617, 0.0533244, -0.0198372, 0.157099, 0.0186193, -0.0268689, -0.0598769, -0.128747, 0.0261906, -0.139069, -0.0712393, -0.0802858, 0.200155, -0.0627564, -0.122396, -0.101137, 0.0209675, 0.109972], [-0.0123524, 0.035455, -0.0836198, 0.0351688, 0.000151524, -0.156615, 0.125275, -0.0294012, 0.014637, 0.0650714, 0.00916292, -0.115226, 0.01994, 0.152466, 0.0311329, -0.0904948, -0.119386, -0.0147829, -0.110914, 0.0369425, -0.0797595, 0.0159514, -0.24571, 0.117192, -0.0596703, -0.112164, -0.0223848, -0.131536, -0.169393, -0.075816, 0.149429, 0.0195258, 0.017353, 0.000426764, 0.0840072, 0.678894, -0.0274895, 0.0225773, 0.155633, -0.265892, -0.0582433, -0.00610682, -0.136369, -0.0813867, -0.0314796, -0.0734084, 0.0891435, -0.0493288, -0.03224, -0.0372922, -0.0321565, -0.0213373, -0.0372698, -0.10413, 0.0423058, 0.0652142, -0.0762945, -0.114024, -0.00546443, -0.0945492, 0.276543, -0.124319, -0.0410803, -0.0219611], [0.0609129, -0.0445849, 0.0470678, -0.0623025, 0.00708453, -0.0127006, -0.0124622, -0.0162169, 0.00362563, 0.0412119, 0.0447323, 0.0641038, 0.0742587, 0.0905297, 0.129284, 0.0381144, 0.203961, -0.00116475, 0.0450627, -0.185815, -0.197409, 0.0821737, 0.0514617, 0.0447297, -0.0714305, 0.0122794, 0.0125159, -0.0357747, -0.0699904, 0.0832139, 0.0978973, 0.0352908, 0.0189679, -0.112489, -0.0389545, -0.0274895, 0.924337, -0.161765, -0.122292, -0.0283271, -0.0427689, -0.143796, 0.041397, 0.117046, -0.0634728, 0.010434, 0.0954726, 0.0282066, -0.0346512, 0.0065176, -0.0796871, 0.12021, 0.106905, 0.0214409, -0.0500905, -0.0311652, 0.0424348, 0.018182, 0.20401, 0.117591, 0.168987, 0.0500542, -0.0727373, 0.0473397], [-0.00124525, 0.0348181, -0.00135461, 0.0182556, -6.22536e-05, 0.0354213, 0.0765214, 0.0151319, -0.00580706, 0.0104179, -0.0398021, 0.0365083, 0.0184106, 0.0583216, -0.0429425, 0.0498671, 0.0775149, 0.0240603, 0.0364486, 0.171833, -0.0823594, -0.0166508, -0.0150301, 0.063678, 0.0638617, 0.0607146, 0.111098, 0.0496295, -0.0462114, 0.0621274, -0.115607, 0.128412, 0.082207, 0.000381338, -0.132635, 0.0225773, -0.161765, 0.814368, 0.0968304, 0.119068, 0.0542189, -0.120126, 0.0432833, -0.0777543, -0.0303989, -0.0349707, 0.154661, 0.00160293, 0.10107, -0.183376, -0.0695163, -0.0579219, 0.0162564, 0.114521, -0.0526458, 0.029746, -0.118083, 0.140616, -0.0456847, -0.000213717, 0.101299, -0.0996983, 0.0333479, -0.00293569], [-0.00586283, 0.0416017, -0.0998451, 0.0453601, -0.0447324, 0.00819017, 0.00759856, -0.0105626, 0.0335895, -0.182076, -0.0182503, -0.0388785, -0.0578959, -0.0184524, -0.100412, -0.0367397, -0.195925, 0.183046, -0.0270832, -0.0628788, 0.0146258, 0.0721429, -0.0546575, 0.0741136, -0.0762594, 0.0242163, -0.0129941, -0.0410811, 0.00181276, -0.016498, 0.00951159, -0.0510332, 0.0611885, 0.115023, -0.036209, 0.155633, -0.122292, 0.0968304, 0.66754, -0.0547239, 0.0297786, 0.122195, -0.025193, 0.00240271, 0.101521, -0.0232394, 0.0609976, -0.00653513, 0.169061, 0.0606294, -0.0377594, -0.1058, -0.0641283, 0.0451677, 0.0533971, -0.032272, 0.042611, -0.0235532, -0.0786399, -0.0604703, -0.0157834, -0.137259, 0.0242728, 0.0423932], [0.0360275, -0.0517941, 0.0583749, -0.019066, -0.00694245, 0.111315, -0.079795, 0.020609, 0.00840902, -0.0147405, -0.21405, 0.0601156, -0.0578771, -0.0549526, 0.101207, 0.0137128, 0.0533414, -0.00168946, -0.0699388, 0.00824694, 0.163454, 0.00852928, -0.0030286, -0.0458477, 0.083992, 0.00056225, 0.186563, -0.0278343, -0.0486037, 0.0320355, -0.0620822, 0.0758039, -0.159285, 0.034887, 0.0377582, -0.265892, -0.0283271, 0.119068, -0.0547239, 0.68881, -0.0275338, 0.0486354, 0.132487, -0.0251061, 0.0242289, 0.0293008, -0.136711, -0.0484502, 0.0323491, 0.0551687, -0.00512392, 0.0423285, 0.0898449, 0.00378917, -0.0274198, 0.0286137, 0.00801899, 0.0221851, -0.147445, -0.00249109, -0.093301, 0.149398, 0.0206735, -0.0811576], [0.0496275, 0.0153224, -0.0281819, 0.025068, -0.0121202, -0.0113322, 0.000897795, 0.00173282, 0.016013, -0.0806694, 0.0441267, -0.0270048, 0.0176956, -0.0433359, 0.0277633, -0.00330564, -0.0416642, 0.0419059, -0.0947837, 0.138989, -0.087128, -0.0507198, -0.0328634, 0.0972251, -0.0706534, 0.128988, 0.0736048, -0.0219017, 0.0775505, 0.0914812, -0.0827399, -0.0471305, 0.148036, -0.0773372, -0.00108682, -0.0582433, -0.0427689, 0.0542189, 0.0297786, -0.0275338, 0.782182, -0.0748484, 0.00219072, -0.0627317, 0.111333, 0.0290499, 0.177985, 0.138295, -0.0408036, 0.105514, -0.0076476, -0.00778357, 0.0794638, -0.0594212, 0.0181354, 0.17776, 0.0771278, -0.073558, 0.0969266, 0.0432971, -0.195026, -0.0289857, 0.127665, -0.0440985], [-0.00913052, -0.0184683, 0.00348376, 0.0105098, -0.037534, 0.020556, -0.118619, 0.0178363, 0.00329046, -0.311712, -0.21699, -0.109109, -0.0703733, -0.0445624, 0.0210937, 0.0243414, -0.0311823, 0.0456901, -0.0611344, -0.24423, 0.182514, 0.127933, 0.0770187, 0.133113, -0.123174, -0.0652507, -0.0841122, -0.0987866, -0.00768381, 0.0790574, -0.0620867, 0.0884455, -0.0719879, 0.0929997, -0.0337326, -0.00610682, -0.143796, -0.120126, 0.122195, 0.0486354, -0.0748484, 0.912375, -0.186182, 0.137599, 0.189123, -0.0517472, -0.0553452, -0.0218328, 0.00978657, 0.0694387, -0.235566, 0.224622, -0.210089, 0.14985, 0.0950335, 0.206061, -0.205289, -0.115576, -0.182853, -0.15084, -0.120867, -0.0598201, 0.0493437, -0.155119], [-0.0326881, 0.0107377, 0.0581299, -0.0125211, -0.0011101, 0.187146, -0.0360524, -0.0836042, -0.0151574, 0.117079, -0.00238878, 0.265827, 0.0487485, -0.0910935, 0.131497, -0.084489, -0.0674077, -0.0727374, 0.0171072, 0.234633, -0.0567174, -0.0839606, 0.112205, -0.0403837, -0.131455, -0.132008, -0.00100065, -0.0634941, -0.0550161, -0.0385954, -0.0536494, -0.118053, 0.256551, 0.185105, -0.0262009, -0.136369, 0.041397, 0.0432833, -0.025193, 0.132487, 0.00219072, -0.186182, 0.798425, 0.050255, -0.0524097, 0.0618187, -0.0704787, 0.00411072, -0.0673893, -0.125696, 0.0800446, -0.0507095, 0.08383, 0.0398922, -0.0517879, -0.0204908, 0.00858908, 0.0728996, -0.204968, 0.253569, -0.0531805, -0.00823483, -0.0818764, 0.110425], [-0.0598813, -0.0262804, 0.0285659, -0.0134078, 0.00580968, -0.00312514, 0.0200624, -0.00451175, -0.0296774, 0.0771521, 0.10855, 0.0501907, 0.032017, -0.0820594, 0.0285086, 0.00887463, -0.0754804, -0.0504056, 0.0199358, -0.0612369, 0.105688, 0.0434397, 0.173769, 0.159517, -0.0737733, 0.00666998, 0.041453, 0.104267, 0.0267079, 0.0168651, 0.206341, 0.040407, 0.0517099, 0.155035, -0.029887, -0.0813867, 0.117046, -0.0777543, 0.00240271, -0.0251061, -0.0627317, 0.137599, 0.050255, 0.615734, 0.0425574, 0.0253296, 0.0964848, 0.0126059, -0.0334689, -0.0225391, -0.0697167, 0.123661, -0.0100186, 0.17104, 0.005985, 0.0735103, 0.161532, 0.123319, 0.121644, -0.0196007, 0.0140573, -0.101541, 0.0111898, 0.0209862], [-0.000944727, 0.0195047, 0.00299458, 0.0413308, -0.034128, 0.0523863, -0.0341639, 0.0182114, -0.0131344, -0.1311, 0.00490945, -0.00167076, -0.0355093, 0.0332822, -0.0412966, 0.02038, -0.0611463, -0.0172484, -0.0861894, -0.024289, 0.0919137, 0.0470271, 0.0720981, -0.0578626, 0.0323223, 0.0727607, 0.0510929, 0.150509, 0.0135779, 0.0276235, -0.123505, 0.0488098, 0.0129089, 0.0485226, 0.13811, -0.0314796, -0.0634728, -0.0303989, 0.101521, 0.0242289, 0.111333, 0.189123, -0.0524097, 0.0425574, 0.445568, 0.187435, -0.0933253, 0.054401, 0.090949, 0.039203, -0.00973023, 0.0454872, -0.0942153, 0.0698732, 0.0688489, 0.156733, -0.0846143, 0.05993, 0.0754466, -0.0330379, -0.218498, -0.202267, 0.167447, -0.0877208], [-0.00634564, -0.00165919, -0.0188549, 0.0646737, -0.0152582, 0.119071, 0.0534596, 0.0349234, -0.00843903, -0.0475285, -0.0957693, 0.0859909, -0.10748, -0.0127621, -0.053947, 0.00576199, -0.1461, -0.00954137, -0.0277805, 0.0776605, -0.0906008, -0.116089, 0.153634, -0.119407, 0.127626, 0.09068, 0.022739, 0.0628635, -0.130132, -0.0961051, -0.0876139, 0.0205552, 0.00884768, 0.0360123, 0.0328061, -0.0734084, 0.010434, -0.0349707, -0.0232394, 0.0293008, 0.0290499, -0.0517472, 0.0618187, 0.0253296, 0.187435, 0.642641, -0.0895157, 0.0533276, 0.0997813, 0.0319516, 0.00901797, 0.176343, -0.087057, -0.0815333, 0.14921, -0.0387553, 0.0482386, -0.0059759, -0.0354423, 0.122609, -0.206414, -0.00935683, 0.0704526, -0.163454], [-0.00682972, -0.0282597, -0.00186905, -0.0657454, 0.0069937, -0.153424, 0.127933, -0.00990422, 0.0183174, 0.0394848, 0.127476, 0.0129381, 0.225557, 0.0943589, -0.0549872, 0.0147572, -0.0715558, 0.0592655, -0.0623448, -0.151028, -0.163066, 0.185664, -0.168519, 0.169843, -0.115823, 0.0125545, -0.170746, -0.157948, -0.0967796, 0.0347836, 0.21587, -0.103977, 0.165371, 0.0121796, -0.0243617, 0.0891435, 0.0954726, 0.154661, 0.0609976, -0.136711, 0.177985, -0.0553452, -0.0704787, 0.0964848, -0.0933253, -0.0895157, 0.814186, 0.0922068, -0.0568888, 0.0648956, -0.0821336, 0.0463716, 0.229563, -0.113183, -1.88277e-05, -0.0792333, 0.0639361, 0.0461015, 0.155013, 0.0471184, 0.039251, -0.188857, -0.00420023, 0.165635], [-0.00679712, 0.000227584, -0.0344361, 0.0162033, -0.0244109, -0.0616132, 0.0151062, 0.036576, -0.0130841, -0.103205, -0.0460207, -0.114215, -0.0233158, 0.0358862, 0.0855445, 0.0974157, -0.113786, -0.0310289, 0.134, 0.17179, 0.007258, 0.0529761, 0.09374, 0.0686927, 0.0270709, 0.0898109, 0.0260506, 0.0944472, 0.0580976, -0.0398391, -0.0294503, -0.0245103, 0.16961, -0.00717219, 0.0533244, -0.0493288, 0.0282066, 0.00160293, -0.00653513, -0.0484502, 0.138295, -0.0218328, 0.00411072, 0.0126059, 0.054401, 0.0533276, 0.0922068, 0.715728, -0.0458909, 0.178196, 0.0712681, 0.116425, -0.064078, 0.0524024, 0.0680426, 0.0809507, 0.0875966, -0.00468915, 0.0456478, -0.00884262, -0.290089, 0.0181331, 0.0510038, -0.10433], [0.0544224, 0.000557659, 6.15974e-06, 0.00405609, 0.00181577, 0.0529481, 0.0237967, -0.0317158, -0.00107485, 0.0126079, -0.0464839, -0.00800386, -0.0851307, 0.0714111, 0.0193565, -0.06181, -0.0505256, 0.0581067, 0.0123603, -0.000739108, -0.0971647, 0.136739, -0.116573, 0.019211, 0.148595, 0.220381, 0.0556662, 0.110738, 0.0345053, 0.0437677, -0.0786607, 0.0103196, -0.0413288, 0.0880673, -0.0198372, -0.03224, -0.0346512, 0.10107, 0.169061, 0.0323491, -0.0408036, 0.00978657, -0.0673893, -0.0334689, 0.090949, 0.0997813, -0.0568888, -0.0458909, 0.503245, 0.0337049, -0.036177, 0.00608503, -0.0643652, 0.0122872, -0.0224963, -0.16706, -0.109925, 0.0758124, -0.0811351, -0.00247082, 0.0533528, -0.169866, 0.0445893, 0.0387984], [0.0708685, 0.00675687, -0.037922, 0.0295399, -0.0225323, -0.0693025, 0.0168572, 0.00538299, 0.0355231, -0.1273, -0.0663417, -0.0734692, 0.0134959, -0.0254881, -0.0159381, -0.0401979, -0.168147, 0.0875607, -0.171401, -0.101383, 0.0197433, 0.0578032, -0.0142507, 0.108428, 0.123494, 0.104225, -0.105973, -0.150362, -0.0750589, 0.0683726, 0.1113, -0.0599097, -0.0288929, 0.0507556, 0.157099, -0.0372922, 0.0065176, -0.183376, 0.0606294, 0.0551687, 0.105514, 0.0694387, -0.125696, -0.0225391, 0.039203, 0.0319516, 0.0648956, 0.178196, 0.0337049, 0.508405, 0.0268679, 0.0930768, 0.0334915, -0.122854, 0.0652631, -0.00333808, 0.0228903, -0.078007, -0.0357276, -0.0529134, -0.049568, 0.209068, -0.00627251, -0.0325517], [-0.0594093, -0.0211474, 0.0450735, -0.043239, 0.0253537, 0.0865849, 0.120055, 0.0439917, -0.0238405, 0.226131, 0.204951, 0.0869918, -0.0923517, 0.000233062, -0.269078, 0.0289041, -0.0611261, -0.0887376, 0.147417, 0.187433, 0.213126, 0.00770491, 0.33598, -0.00196285, -0.0260473, 0.00669875, 0.0594603, 0.080353, 0.00891519, -0.139016, -0.089169, 0.103565, -0.0985634, -0.0464292, 0.0186193, -0.0321565, -0.0796871, -0.0695163, -0.0377594, -0.00512392, -0.0076476, -0.235566, 0.0800446, -0.0697167, -0.00973023, 0.00901797, -0.0821336, 0.0712681, -0.036177, 0.0268679, 1.13614, -0.147866, 0.0817156, 0.0857761, -0.0828134, -0.0438119, 0.257723, -0.0123024, -0.110564, 0.142495, 0.0961065, 0.25348, -0.0507873, 0.101714], [0.0732773, -0.0364381, -0.0268917, 0.00232807, -0.0208924, -0.0609342, 0.0765937, 0.00583585, 0.0155009, -0.153588, -0.247486, -0.0464431, -0.00572966, 0.0519005, 0.104397, -0.00376501, -0.0688123, 0.03639, -0.0643383, -0.0334091, -0.102298, 0.0466215, 0.0730039, 0.132187, 0.0468018, 0.109493, -0.182327, -0.113379, -0.0594095, 0.0785059, 0.0825795, 0.13454, -0.0198589, -0.00321579, -0.0268689, -0.0213373, 0.12021, -0.0579219, -0.1058, 0.0423285, -0.00778357, 0.224622, -0.0507095, 0.123661, 0.0454872, 0.176343, 0.0463716, 0.116425, 0.00608503, 0.0930768, -0.147866, 0.953397, -0.0751474, -0.00883664, 0.104015, 0.0389559, 0.017006, -0.0747043, -0.0510264, 0.0315689, -0.0181201, -0.00814276, -0.0238156, -0.100613], [-0.0214927, -0.0392919, 0.0557668, -0.0425776, 0.0175919, -0.0527804, 0.0270652, -0.0667542, 0.0342364, 0.149433, 0.0274587, 0.101819, 0.169256, -0.045198, 0.0524721, -0.140354, -0.0158741, 0.0743619, -0.0310924, -0.0773403, -0.0491355, -0.0855368, -0.105448, 0.0730339, -0.082813, 0.0335253, 0.0588056, 0.00640773, -0.0481394, 0.129162, 0.185767, -0.0550272, -0.0114426, -0.0640786, -0.0598769, -0.0372698, 0.106905, 0.0162564, -0.0641283, 0.0898449, 0.0794638, -0.210089, 0.08383, -0.0100186, -0.0942153, -0.087057, 0.229563, -0.064078, -0.0643652, 0.0334915, 0.0817156, -0.0751474, 0.869283, -0.253238, -0.126763, -0.128373, 0.139072, -0.0354809, 0.0201985, 0.100019, 0.148219, 0.0557217, -0.0161928, 0.177309], [-0.0218544, 0.0170903, -0.0576265, 0.000972008, -0.0219225, 0.142121, -0.0887339, 0.0142389, -0.0988375, -0.195431, -0.0849394, 0.0608011, -0.114545, -0.0661506, -0.0567452, 0.0751224, 0.0601494, -0.213142, 0.329937, -0.133874, 0.269163, 0.082167, 0.0843157, -0.0686091, 0.0721916, 0.124959, -0.0214315, 0.186665, 0.169149, -0.00231992, -0.176847, 0.114153, 0.0213132, 0.0666007, -0.128747, -0.10413, 0.0214409, 0.114521, 0.0451677, 0.00378917, -0.0594212, 0.14985, 0.0398922, 0.17104, 0.0698732, -0.0815333, -0.113183, 0.0524024, 0.0122872, -0.122854, 0.0857761, -0.00883664, -0.253238, 0.819541, -0.101378, 0.357749, -0.0847721, 0.15772, 0.036048, -0.289882, -0.181904, -0.0362796, 0.141034, -0.00351641], [0.00531852, 0.00236294, 0.00524785, 0.0284198, 0.00416984, -0.0302505, -0.0173675, 0.0410389, -0.00937051, 0.0233353, 0.0981299, -0.0247521, 0.0086286, -0.0114095, 0.122939, 0.0453898, -0.0816015, -0.0504405, -0.163516, -0.0146116, -0.0506586, -0.0371739, 0.111705, 0.126343, -0.0204132, -0.0596109, -0.0679384, 0.0595978, -0.0189176, -0.103013, 0.0833915, -0.00913578, -0.0536066, 0.0548153, 0.0261906, 0.0423058, -0.0500905, -0.0526458, 0.0533971, -0.0274198, 0.0181354, 0.0950335, -0.0517879, 0.005985, 0.0688489, 0.14921, -1.88277e-05, 0.0680426, -0.0224963, 0.0652631, -0.0828134, 0.104015, -0.126763, -0.101378, 0.518956, -0.0427324, 0.12139, -0.0608347, -0.00423524, 0.0329399, -0.124822, -0.054079, 0.0188205, -0.0653727], [0.0560776, -0.0534362, -0.0976251, 0.0130622, -0.0503158, 0.119713, -0.19232, 0.00421291, -0.0432304, -0.394144, -0.226683, -0.0332541, -0.157575, -0.0624592, 0.087213, -0.0169416, 0.103148, -0.12445, -0.0616941, -0.203415, 0.31573, 0.00279905, 0.0454654, -0.