{"inv_metric": [[0.199865, 0.0127909, 0.017092, 0.0305423, 0.00110809, 0.00540626, 0.0157153, -0.00346848, 0.0130593, -0.0968846, -0.0464151, -0.0625214, -0.112974, 0.000623853, -0.0430762, 0.013287, 0.0901939, 0.0560181, -0.147442, -0.0660174, -0.00752942, -0.00994478, -0.00183895, -0.0243469, 0.0490989, 0.0392892, -0.00206857, 0.0467606, 0.037924, -0.0266169, 0.0235434, 0.0274388, -0.0273169, 0.0204148, -0.0771905, 0.0262751, -0.0970329, 0.00153412, 0.0209466, 0.00608257, 0.0656874, -0.0282812, 0.0403513, -0.0745159, -0.0187306, 0.0224776, -0.0868302, -0.0241424, -0.0371251, -0.0293652, 0.00143279, 0.0437423, -0.0807211, -0.0701046, 0.0111831, 0.0390619, -0.0356581, -0.0274146, -0.051512, 0.0707703, 0.0637308, -0.0711004, -0.0636056, -0.0337182], [0.0127909, 0.090017, 0.0114203, 0.0606919, 0.00512618, -0.00924714, 0.0420037, 0.0116002, -0.000372364, 0.0363532, 0.0172225, -0.024282, -0.0223304, 0.0137569, -0.023983, 0.0347181, -0.0501731, -0.00590107, -0.0303089, 0.0158976, -0.000745764, -0.075852, 0.0295248, -0.00315911, -0.0322832, 0.00909686, -0.0247895, -0.0371249, -0.0252278, -0.0134466, -0.0391117, -0.0188822, -0.0254948, 0.0383276, -0.0286759, -0.0429189, -0.00532438, 0.00399414, 0.00246435, 0.00955441, -0.0249629, -0.00801592, 0.0197194, 0.0170347, 0.0178949, 0.0185504, -0.0124055, -0.00481614, 0.0233155, 0.0229092, 0.0120827, -0.0147045, -0.058873, -0.026518, 0.027771, 0.0241296, 0.057549, 0.0463939, -0.0114443, -0.0230131, -0.000981443, -0.00295534, -0.0157164, 0.0404994], [0.017092, 0.0114203, 0.151046, 0.01468, -0.00548556, 0.0318019, -0.00327866, -0.0116736, 0.00171952, -0.0764565, -0.0434693, -0.00595621, -0.0259982, 0.00816701, 0.00598778, -0.0202501, 0.0172916, 0.0297101, -0.0253104, -0.0329916, 0.0514164, 0.00555025, 0.0227991, 0.00775794, -0.0285514, 0.00585959, 0.000180818, -0.0270161, -0.0397657, 0.05123, 0.0162194, 0.0461556, 0.00104179, 0.0235834, 0.00939506, 0.0219944, -0.0464787, -0.0449634, 0.0219856, 0.0179284, -0.0026304, 0.0627724, -0.00316597, -0.0720766, -0.0601446, -0.0308973, -0.0365365, -0.048628, -0.0012082, -0.0354308, 0.0725893, -0.0163607, -0.0968262, -0.023166, -0.00587364, 0.0479532, -0.0370765, 0.0354023, 0.0444572, 0.0961901, 0.0419504, -0.0648441, 0.0637621, -0.0363164], [0.0305423, 0.0606919, 0.01468, 0.0886933, -0.000954007, 0.00709234, 0.0613543, -0.019914, -0.0023181, -0.00165653, 0.0539673, -0.0084955, -0.0268951, 0.0638718, -0.0148537, -0.0613477, -0.0135053, -0.0204539, -0.0379366, -0.00415861, -0.0205951, -0.0266895, 0.0181658, -0.0116359, 0.0185702, 0.0404092, -0.026352, -0.00247253, -0.0402097, -0.00983737, -0.0134597, -0.0255002, -0.0272394, 0.0310081, -0.0432667, 0.0129671, -0.0522222, -0.0256494, -0.00115631, -0.0119473, 0.0129668, -0.0864607, -0.0169903, -0.00666974, 0.0114258, -0.0161438, -0.0392688, -0.0205079, -0.0025934, 0.0267973, -0.00539463, -0.0435554, -0.0622499, -0.0270848, -0.00855836, 0.000166034, 0.00135852, 0.0159164, -0.0148483, -0.0016183, 0.0207149, -0.0122617, -0.0103356, -0.0381643], [0.00110809, 0.00512618, -0.00548556, -0.000954007, 0.0332091, 0.00933089, -0.0256727, 0.00853716, -0.0041388, 0.154152, 0.00311167, 0.0133454, 4.89308e-06, -0.00490938, -0.00595248, 0.0262899, 0.00870889, -0.025528, 0.0319041, -0.0369055, -0.00788654, 0.00677309, -0.01358, -0.0190627, 0.0253954, 0.00408628, -0.0173704, 0.00918673, 0.00341849, 0.0160364, 0.0185341, -0.00163091, 0.0116068, 0.000572301, 0.00459977, 0.00497865, -0.0031977, -0.0338723, -0.0254046, 0.0326567, 0.000712643, -0.000701831, 0.0118259, -0.00411072, 0.00810295, -0.00312514, 0.0232794, 0.0228426, 0.00106948, -0.0200242, -0.00700752, -0.0311758, 0.0379357, 0.0289706, -0.030265, -0.041031, 0.0226817, 0.011828, 0.038616, -0.0160956, -0.00666378, 0.00248473, -0.0106034, 0.00221789], [0.00540626, -0.00924714, 0.0318019, 0.00709234, 0.00933089, 0.206576, 0.0139036, -0.0083083, 0.000267362, 0.0225224, -0.0102438, 0.203221, -0.0843986, 0.0164444, 0.0353203, -0.0283231, 0.00941912, 0.00478589, -0.0409483, -0.0588972, 0.0241425, -0.0283031, -0.0646586, 0.0631227, 0.0810577, 0.0312185, -0.00505027, 0.00281334, -0.0328238, 0.0766096, 0.0333635, 0.0572114, 0.0724216, 0.0637879, 0.0186795, -0.0986867, -0.00221781, 0.0177436, 0.0407015, 0.0730078, 0.0623732, 0.00756753, 0.0233524, -0.0068186, -0.00494562, -0.127877, -0.00203787, 0.0515943, 0.0414991, -0.023566, 0.0653307, -0.0500514, 0.0242832, -0.0291183, -0.00939833, -0.043455, -0.10724, -0.0323328, 0.0342317, 0.0446092, -0.0128368, -0.0053383, 0.136879, -0.0500488], [0.0157153, 0.0420037, -0.00327866, 0.0613543, -0.0256727, 0.0139036, 0.385921, -0.0712251, 0.0129289, -0.0529054, 0.140826, 0.03765, -0.00150336, 0.38749, -0.00899895, -0.157956, 0.0603844, 0.064707, -0.0590861, 0.098415, 0.0172987, -0.219153, 0.127238, 0.14778, 0.0939516, 0.0600038, 0.00875118, 0.0275317, -0.0519145, 0.0307013, 0.0176684, -0.17819, -0.0334549, 0.0675262, -0.0589214, 0.0072252, -0.228079, -0.0104734, -0.00275216, -0.0620568, 0.0427542, -0.106588, -0.0258955, 0.0336804, -0.00215323, 0.0092585, -0.111352, -0.0725147, 0.0250528, 0.0132488, 0.0135318, 0.108756, -0.0676454, -0.158636, 0.105307, 0.00774085, 0.0115702, 0.0240391, -0.035968, 0.106734, -0.0587234, -0.0143596, 0.177184, -0.0820492], [-0.00346848, 0.0116002, -0.0116736, -0.019914, 0.00853716, -0.0083083, -0.0712251, 0.198769, -0.00842034, 0.000692161, -0.0336044, -0.0519337, -0.0466098, -0.091588, 0.0152128, 0.336733, -0.121456, -0.0300317, -0.012193, 0.0120086, -0.0391165, 0.0417003, -0.0573818, -0.0289089, -0.0480603, -0.0819241, -0.0353248, -0.0706719, -0.0135786, -0.0182616, -0.0675103, 0.0462127, 0.00774088, -0.078095, -0.0343379, -0.029311, 0.0914861, 0.00889998, -0.0617469, 0.0865902, -0.0474838, 0.080169, -0.0151704, -0.00440172, -0.00712522, 0.0739494, 0.068209, -0.00456471, 0.00779435, 0.0273958, 0.0249052, -0.0600247, 0.0591989, 0.0587609, 0.00724886, 0.0738067, 5.41627e-06, -0.0205239, -0.0345352, 0.0487122, -0.0747798, -0.0127761, -0.0134751, 0.0750141], [0.0130593, -0.000372364, 0.00171952, -0.0023181, -0.0041388, 0.000267362, 0.0129289, -0.00842034, 0.0210403, -0.0165321, 0.00818954, -0.00479253, -0.00258524, 0.0206844, -0.022339, -0.0110127, 0.00257431, 0.0866135, -0.0275177, 0.002593, -0.00523473, -0.015191, -0.00277623, 0.00590229, -0.0167063, -0.00571449, 0.00676155, 0.0154535, 0.0237011, 0.021211, -0.00237163, -0.0292018, -4.97995e-05, 0.0102673, 0.00337855, -0.0316471, -0.0158156, -0.0254864, 0.026359, 0.00956518, 0.0381576, 0.00244315, 0.0191725, -0.0189803, 0.0306516, -0.0040489, -0.00626605, -0.0178948, -0.0048523, 0.0108711, 0.0124437, 0.00498067, 0.00333393, -0.111105, 0.0355497, 0.0242407, -0.0235085, 0.0254111, 0.0208079, 0.00505933, -0.0110429, -0.0242286, -0.0131719, -0.0166821], [-0.0968846, 0.0363532, -0.0764565, -0.00165653, 0.154152, 0.0225224, -0.0529054, 0.000692161, -0.0165321, 1.15927, 0.174055, 0.107313, 0.115314, 0.0935458, 0.0263237, 0.0533027, -0.0640234, -0.118209, 0.217708, -0.097224, -0.104025, -0.0954697, 0.0389787, -0.0349721, 0.060055, 0.011307, -0.109806, 0.0514092, 0.0225796, 0.133316, 0.0415454, -0.147451, 0.0540837, 0.00768144, 0.199089, -0.065646, -0.0838073, -0.173324, -0.0939452, 0.12644, 0.0279765, -0.107926, 0.011684, 0.121815, 0.120409, 0.0833571, 0.0791429, 0.128711, 0.0934463, -0.0416007, -0.119564, -0.218252, 0.324364, 0.0140365, -0.161581, -0.307677, 0.249728, 0.0830478, 0.258069, -0.149266, -0.193643, 0.140357, -0.086088, 0.100991], [-0.0464151, 0.0172225, -0.0434693, 0.0539673, 0.00311167, -0.0102438, 0.140826, -0.0336044, 0.00818954, 0.174055, 0.836435, 0.00209257, 0.0272731, 0.226908, 0.103385, -0.109487, -0.0312957, -0.0339448, -0.0325709, -0.0046801, -0.0832691, -0.089931, 0.116292, 0.0109681, -0.0132492, 0.0184696, 0.051575, -0.00599154, -0.039624, -0.012668, 0.0350628, -0.227061, 0.113397, -0.183343, -0.121838, -0.0334255, 0.0389293, -0.187698, -0.0564682, -0.0800317, 0.167492, -0.230258, 0.0824809, -0.0197807, 0.083889, -0.0330524, 0.0353862, -0.199867, 0.00105037, 0.130608, -0.101857, -0.0605246, -0.124703, -0.106207, -0.170746, -0.146148, 0.113709, 0.0218609, -0.138283, 0.0397462, -0.241913, -0.125322, -0.0780561, -0.0811154], [-0.0625214, -0.024282, -0.00595621, -0.0084955, 0.0133454, 0.203221, 0.03765, -0.0519337, -0.00479253, 0.107313, 0.00209257, 0.601596, 0.358151, 0.0589242, 0.0537237, -0.0929931, 0.0369586, 0.0328467, 8.52994e-05, -0.0214209, 0.10036, -0.11401, -0.0897961, 0.0520079, 0.0832695, 0.157738, -0.0150124, -0.120168, -0.00719187, 0.123956, 0.00414772, -0.0500841, 0.15218, 0.105613, 0.0472232, -0.151247, -0.047138, 0.032906, 0.050172, 0.0536093, -0.0438565, 0.0205183, -0.0189164, 0.137996, -0.00267514, -0.0783918, 0.0220422, 0.0942463, 0.15253, -0.029236, -0.00461031, 0.00470624, 0.0204685, 0.0252953, 0.0484167, -0.0147242, 0.0389006, -0.0129577, 0.169015, -0.0108372, 0.0484971, 0.025041, 0.174183, -0.0386356], [-0.112974, -0.0223304, -0.0259982, -0.0268951, 4.89308e-06, -0.0843986, -0.00150336, -0.0466098, -0.00258524, 0.115314, 0.0272731, 0.358151, 0.580512, 0.0421437, 0.0120401, -0.0751212, -0.00218084, 0.0546159, 0.107201, 0.0598221, 0.0406168, -0.0753908, 0.0391646, -0.0122735, -0.0385912, 0.0854565, -0.0319216, -0.143525, 0.0555682, 0.0351228, -0.0542326, -0.143628, 0.0487466, 0.0352095, 0.0881739, -0.0636124, -0.0218928, -0.0250732, 0.0130687, -0.05382, -0.13402, 0.065698, -0.0637679, 0.141184, 0.00473419, 0.0543552, 0.0417305, 0.0174204, 0.112206, 0.00759232, -0.100147, 0.0394267, -0.0404973, 0.0605394, 0.0937106, 0.0406189, 0.168219, 0.0619082, 0.174676, -0.0422298, 0.00982169, 0.014302, -0.0457822, 0.0432324], [0.000623853, 0.0137569, 0.00816701, 0.0638718, -0.00490938, 0.0164444, 0.38749, -0.091588, 0.0206844, 0.0935458, 0.226908, 0.0589242, 0.0421437, 0.826137, 0.178767, -0.212191, 0.0940421, 0.043296, -0.00925101, 0.151125, -0.104904, -0.0268241, 0.156657, -0.0851074, 0.0757377, 0.158461, -0.0178158, 0.115801, 0.0140709, 0.145626, 0.101831, -0.159154, -0.00581328, 0.00517273, -0.0958975, 0.0503617, -0.279491, -0.21964, -0.0785121, -0.0144277, 0.0589826, -0.130498, -0.05507, -0.0419945, 0.0404707, 0.0292306, -0.111387, -0.11214, -0.017509, -0.071433, 0.0439749, 0.0548157, 0.0318296, -0.10549, -0.0315639, -0.0389721, -0.00416934, 0.108708, 0.0633672, 0.252723, -0.0945676, 0.0101591, 0.205939, -0.266435], [-0.0430762, -0.023983, 0.00598778, -0.0148537, -0.00595248, 0.0353203, -0.00899895, 0.0152128, -0.022339, 0.0263237, 0.103385, 0.0537237, 0.0120401, 0.178767, 0.856726, -0.0423446, -0.0602631, -0.0609659, -0.0272981, 0.068069, 0.142308, -0.20243, 0.169802, 0.00490927, 0.0313677, -0.131951, -0.113884, 0.0176969, 0.0472479, 0.0315661, 0.114917, 0.108704, 0.0402062, 0.017914, 0.0133061, -0.0310814, 0.0187452, -0.0797585, 0.0421209, 0.0708045, -0.180546, 0.115735, 0.0199345, 0.0555224, 0.071039, 0.0927495, -0.23473, -0.0569415, 0.0533466, 0.0199984, 0.109477, -0.0706391, 0.0405862, 0.162438, -0.0787286, 0.1596, 0.219328, 0.0716118, -0.0762538, 0.0663363, 0.0276387, 0.0802466, 0.0230794, 0.0822793], [0.013287, 0.0347181, -0.0202501, -0.0613477, 0.0262899, -0.0283231, -0.157956, 0.336733, -0.0110127, 0.0533027, -0.109487, -0.0929931, -0.0751212, -0.212191, -0.0423446, 0.720737, -0.0448847, -0.0354854, -0.00901899, -0.0320348, 0.00656479, 0.0601338, -0.09993, -0.0471353, -0.09745, -0.183091, -0.0573732, -0.120855, 0.015221, -0.0783824, -0.141998, 0.060642, 0.0103464, -0.147834, -0.0360376, -0.117907, 0.159341, 0.0870899, -0.0956909, 0.154429, -0.0872854, 0.166247, 0.0711596, 0.0180652, -0.0493514, 0.110772, 0.133904, 0.00282274, 0.0634779, -0.00449618, 0.0938887, -0.0861502, 0.0789357, 0.110586, 0.0249047, 0.0767221, 0.0618934, -0.0120792, -0.0583839, 0.0232277, -0.14277, -0.135333, 0.0214668, 0.205696], [0.0901939, -0.0501731, 0.0172916, -0.0135053, 0.00870889, 0.00941912, 0.0603844, -0.121456, 0.00257431, -0.0640234, -0.0312957, 0.0369586, -0.00218084, 0.0940421, -0.0602631, -0.0448847, 0.853899, 0.057272, -0.00951708, -0.145896, 0.183825, 0.102242, -0.0231027, 0.0831859, 0.1297, -0.0423994, -0.00156862, 0.040526, 0.0647665, -0.0301089, 0.0837076, 0.0247796, -0.0266644, 0.08813, -0.0828697, 0.0852887, -0.250045, -0.0147018, -0.033604, -0.0736232, -0.0338937, -0.0335011, 0.0909089, -0.167897, -0.155106, -0.0219568, -0.106664, -0.182334, 0.0916208, -0.190723, 0.12233, 0.0695008, -0.152505, 0.0578457, -0.045335, 0.0302884, 0.00909296, -0.0276468, -0.134292, 0.111571, 0.0770126, -0.269655, 0.104827, -0.00927033], [0.0560181, -0.00590107, 0.0297101, -0.0204539, -0.025528, 0.00478589, 0.064707, -0.0300317, 0.0866135, -0.118209, -0.0339448, 0.0328467, 0.0546159, 0.043296, -0.0609659, -0.0354854, 0.057272, 0.569734, -0.0506038, -0.0292456, 0.0720705, -0.107035, 0.0366255, 0.170578, -0.100879, -0.0011135, 0.0515611, -0.00260166, 0.183442, 0.109181, 0.00412638, -0.0238885, 0.0294628, 0.235729, 0.102592, -0.171326, -0.0523714, -0.0588582, 0.276263, 0.0699214, 0.139389, 0.16989, 0.099491, -0.0554677, 0.08699, -0.0274935, -0.0854437, -0.119199, 0.134925, 0.0353076, 0.147, 0.105619, -0.00568364, -0.394432, 0.315715, 0.3049, -0.0991423, 0.108239, 0.063162, 0.0126702, 0.00310821, -0.197923, -0.0478915, 0.0242662], [-0.147442, -0.0303089, -0.0253104, -0.0379366, 0.0319041, -0.0409483, -0.0590861, -0.012193, -0.0275177, 0.217708, -0.0325709, 8.52994e-05, 0.107201, -0.00925101, -0.0272981, -0.00901899, -0.00951708, -0.0506038, 0.903007, -0.116162, -0.0472602, 0.137212, -0.0698442, -0.023484, -0.0860769, 0.0301424, 0.133902, 0.108549, -0.0457749, 0.0363055, 0.00572769, -0.037484, 0.0690993, -0.0563109, 0.0901913, -0.0669313, 0.228908, -0.0793359, -0.076721, 0.00103154, 0.0171198, 0.0345482, 0.0361612, 0.0772395, 0.0511681, -0.0389092, 0.186084, -0.0105233, -0.00302154, 0.0276684, -0.122045, -0.0214721, 0.00139721, 0.251263, 0.090377, -0.233506, 0.0633627, -0.0612487, -0.0246001, -0.0387792, -0.162079, -0.0260869, 0.0618952, 0.00335102], [-0.0660174, 0.0158976, -0.0329916, -0.00415861, -0.0369055, -0.0588972, 0.098415, 0.0120086, 0.002593, -0.097224, -0.0046801, -0.0214209, 0.0598221, 0.151125, 0.068069, -0.0320348, -0.145896, -0.0292456, -0.116162, 0.829134, -0.0149938, -0.140347, 0.0794694, -0.127798, -0.043857, 0.136325, -0.0439411, -0.0749808, 0.0599365, 0.0486253, -0.0498165, -0.0590266, -0.0564259, -0.0743063, -0.00298571, 0.0862868, 0.0625352, 0.055961, -0.161751, -0.00186929, -0.205749, -0.062297, -0.0931372, 0.0786638, -0.0197744, 0.112915, -0.097797, 0.0215832, -0.136416, -0.0642273, -0.14817, -0.0377031, 0.0443945, -0.129006, -0.0366243, 0.0414375, -0.0551418, 0.160063, 0.035216, -0.0635002, 0.0185401, 0.171192, 0.0434788, -0.0376346], [-0.00752942, -0.000745764, 0.0514164, -0.0205951, -0.00788654, 0.0241425, 0.0172987, -0.0391165, -0.00523473, -0.104025, -0.0832691, 0.10036, 0.0406168, -0.104904, 0.142308, 0.00656479, 0.183825, 0.0720705, -0.0472602, -0.0149938, 0.978391, -0.147208, 0.103538, 0.0261546, -0.0891329, 0.019247, -0.0594274, -0.111641, -0.0443739, -0.0488511, 0.0719669, 0.0363679, 0.140946, 0.162167, 0.0511194, -0.00246061, 0.0246233, 0.149718, 0.102553, 0.0557938, -0.107738, 0.26243, 0.11189, 0.0593961, 0.0856534, 0.135394, -0.225002, -0.0520037, 0.094046, -0.06848, 0.151672, 0.125021, -0.208467, 0.0693982, 0.117835, 0.215765, 0.118704, 0.070578, -0.0973031, 0.048828, 0.0339042, -0.223999, 0.202693, 0.173645], [-0.00994478, -0.075852, 0.00555025, -0.0266895, 0.00677309, -0.0283031, -0.219153, 0.0417003, -0.015191, -0.0954697, -0.089931, -0.11401, -0.0753908, -0.0268241, -0.20243, 0.0601338, 0.102242, -0.107035, 0.137212, -0.140347, -0.147208, 0.805925, -0.135281, -0.119638, -0.0466347, -0.0438829, 0.0483623, 0.117013, 0.0683998, 0.0404776, -0.0449772, 0.0528836, -0.0734401, -0.139181, -0.015131, 0.123382, 0.0437823, -0.00634403, -0.158855, 0.017165, 0.0484538, 0.0277967, -0.0986852, -0.0653571, -0.118186, -0.00725149, 0.0681184, -0.0833549, -0.060594, -0.0404588, -0.132705, -0.203958, 0.114608, 0.280842, -0.146685, -0.0475936, -0.134141, -0.122271, -0.0379306, 0.102876, 0.11235, 0.0451523, 0.00456467, -0.221088], [-0.00183895, 0.0295248, 0.0227991, 0.0181658, -0.01358, -0.0646586, 0.127238, -0.0573818, -0.00277623, 0.0389787, 0.116292, -0.0897961, 0.0391646, 0.156657, 0.169802, -0.09993, -0.0231027, 0.0366255, -0.0698442, 0.0794694, 0.103538, -0.135281, 0.628095, 0.0341509, 0.0623649, -0.110908, -0.0250067, -0.0121591, 0.00422306, 0.0413871, 0.00442226, 0.0176637, -0.0384879, 0.115737, 0.0513789, 0.0117352, -0.0590311, 0.0177294, 0.195016, -0.101527, -0.0878129, 0.101403, 0.00761769, 0.0804715, -0.049173, 0.0177032, -0.209258, -0.00716097, 0.0573435, 0.0715646, 0.0404365, -0.009504, 0.0101751, 0.119521, 0.0111102, 0.0221485, 0.152842, 0.0496815, -0.137862, 0.105902, -0.0681047, 0.0653722, -0.0323732, 0.0657338], [-0.0243469, -0.00315911, 0.00775794, -0.0116359, -0.0190627, 0.0631227, 0.14778, -0.0289089, 0.00590229, -0.0349721, 0.0109681, 0.0520079, -0.0122735, -0.0851074, 0.00490927, -0.0471353, 0.0831859, 0.170578, -0.023484, -0.127798, 0.0261546, -0.119638, 0.0341509, 0.747908, 0.141822, -0.144878, 0.0644961, 0.0497507, 0.0536482, 0.0379575, 0.00364447, 0.00068045, -0.0567746, 0.201248, 0.188875, -0.0876386, 0.0257522, 0.113757, 0.185949, -0.0104785, 0.102443, 0.245877, 0.0250149, 0.0311504, -0.148747, -0.0178269, -0.144796, -0.11694, 0.175171, 0.108889, -0.010913, 0.0545647, 0.101318, -0.0528498, 0.172739, 0.275511, -0.0138874, 0.00951078, -0.0515995, 0.026495, -0.0181287, -0.0428456, 0.210949, 0.160531], [0.0490989, -0.0322832, -0.0285514, 0.0185702, 0.0253954, 0.0810577, 0.0939516, -0.0480603, -0.0167063, 0.060055, -0.0132492, 0.0832695, -0.0385912, 0.0757377, 0.0313677, -0.09745, 0.1297, -0.100879, -0.0860769, -0.043857, -0.0891329, -0.0466347, 0.0623649, 0.141822, 0.602468, -0.0338405, 0.0317764, 0.0967179, 0.0300984, -0.0685768, 0.0501539, 0.0960718, -0.0699119, -0.0158786, -0.0129258, -0.028216, -0.152519, -0.0133671, -0.0197701, -0.0593912, 0.0558919, -0.136428, -0.0732667, -0.0604326, -0.0538976, -0.0773219, -0.0675318, 0.128958, -0.0996841, -0.0471516, -0.0238609, 0.00575515, 0.0495459, 0.0805984, -0.0869916, -0.062757, -0.0128999, 0.0482266, 0.00959983, 0.113791, -0.0742267, 0.0445281, 0.161446, -0.0789016], [0.0392892, 0.00909686, 0.00585959, 0.0404092, 0.00408628, 0.0312185, 0.0600038, -0.0819241, -0.00571449, 0.011307, 0.0184696, 0.157738, 0.0854565, 0.158461, -0.131951, -0.183091, -0.0423994, -0.0011135, 0.0301424, 0.136325, 0.019247, -0.0438829, -0.110908, -0.144878, -0.0338405, 0.901525, -0.00117535, -0.0475673, -0.0771289, 0.131841, 0.0798613, 0.0339184, 0.119726, 0.000972793, -0.210928, 0.0895602, -0.00781167, -0.0421239, 0.000679383, 0.0144943, 0.102521, -0.0944405, -0.0723468, 0.0324033, -0.00248408, -0.000626734, -0.0657505, 0.2693, -0.0180821, -0.00116369, -0.0536627, 0.225308, 0.0482743, -0.0120791, -0.0735358, -0.11961, -0.119103, 0.0918448, 0.0982184, -0.0799602, 0.0334799, 0.0892524, 0.0994392, -0.171993], [-0.00206857, -0.0247895, 0.000180818, -0.026352, -0.0173704, -0.00505027, 0.00875118, -0.0353248, 0.00676155, -0.109806, 0.051575, -0.0150124, -0.0319216, -0.0178158, -0.113884, -0.0573732, -0.00156862, 0.0515611, 0.133902, -0.0439411, -0.0594274, 0.0483623, -0.0250067, 0.0644961, 0.0317764, -0.00117535, 0.74729, 0.0591521, -0.00456065, 0.0203939, 0.0563134, 0.0825997, 0.0505395, -0.0520643, -0.0364304, 0.156703, 0.017353, -0.12805, 0.0278464, -0.117688, 0.00486253, -0.0657777, 0.01746, -0.0947805, 0.0021962, 0.0180459, 0.20406, 0.0491681, -0.0235059, -0.00479459, 0.0249681, 0.124768, -0.109557, -0.022777, -0.125762, 0.0023915, -0.0257595, 0.0206608, 0.020301, 0.0584683, -0.113644, -0.0912956, 0.0360569, -0.0944269], [0.0467606, -0.0371249, -0.0270161, -0.00247253, 0.00918673, 0.00281334, 0.0275317, -0.0706719, 0.0154535, 0.0514092, -0.00599154, -0.120168, -0.143525, 0.115801, 0.0176969, -0.120855, 0.040526, -0.00260166, 0.108549, -0.0749808, -0.111641, 0.117013, -0.0121591, 0.0497507, 0.0967179, -0.0475673, 0.0591521, 0.718152, 0.00931344, 0.0326519, 0.0936967, -0.0746066, -0.0787589, -0.0426871, -0.134685, -0.0187524, -0.124368, -0.175338, 0.00863754, -0.00312184, 0.12973, -0.0542172, 0.0490007, -0.0280797, 0.063917, -0.0270592, 0.0938067, -0.00459429, -0.0453855, -0.0309579, -0.0627954, -0.19124, -0.00413782, -0.0730465, -0.0933689, -0.196999, -0.171438, -0.12332, -0.00476996, -0.00994548, -0.16245, -0.029159, 0.087922, -0.0902402], [0.037924, -0.0252278, -0.0397657, -0.0402097, 0.00341849, -0.0328238, -0.0519145, -0.0135786, 0.0237011, 0.0225796, -0.039624, -0.00719187, 0.0555682, 0.0140709, 0.0472479, 0.015221, 0.0647665, 0.183442, -0.0457749, 0.0599365, -0.0443739, 0.0683998, 0.00422306, 0.0536482, 0.0300984, -0.0771289, -0.00456065, 0.00931344, 0.676862, 0.0676667, 0.0197947, -0.0276014, -0.0546091, 0.085376, 0.114055, -0.103913, 0.0931859, 0.0336095, 0.0405364, 0.0599815, -0.152325, 0.147491, 0.0250974, -0.0146053, 0.0115206, 0.115577, -0.14202, 0.05884, 0.00369494, 0.0126328, 0.0901053, 0.0160654, -0.109289, 0.0146337, 0.095322, 0.112632, -0.13856, 0.0936781, 0.0613485, -0.0579117, 0.0149698, -0.196808, -0.0876092, 0.0716571], [-0.0266169, -0.0134466, 0.05123, -0.00983737, 0.0160364, 0.0766096, 0.0307013, -0.0182616, 0.021211, 0.133316, -0.012668, 0.123956, 0.0351228, 0.145626, 0.0315661, -0.0783824, -0.0301089, 0.109181, 0.0363055, 0.0486253, -0.0488511, 0.0404776, 0.0413871, 0.0379575, -0.0685768, 0.131841, 0.0203939, 0.0326519, 0.0676667, 0.534378, 0.0312073, -0.0471625, 0.210513, 0.0315838, -0.0101045, 0.0848574, -0.0273953, -0.131734, 0.05179, 0.0567198, 0.086555, 0.0631386, -0.101744, 0.0332912, -0.0349545, 0.0778269, -0.0774816, -0.030985, 0.0606082, -0.0210873, -0.00976169, -0.0860945, 0.150647, -0.104359, 0.0396459, 0.032143, -0.0748109, 0.105216, 0.180434, 0.121035, 0.0765992, 0.0932519, 0.144086, -0.0944039], [0.0235434, -0.0391117, 0.0162194, -0.0134597, 0.0185341, 0.0333635, 0.0176684, -0.0675103, -0.00237163, 0.0415454, 0.0350628, 0.00414772, -0.0542326, 0.101831, 0.114917, -0.141998, 0.0837076, 0.00412638, 0.00572769, -0.0498165, 0.0719669, -0.0449772, 0.00442226, 0.00364447, 0.0501539, 0.0798613, 0.0563134, 0.0936967, 0.0197947, 0.0312073, 0.489811, 0.00426238, 0.0664043, 0.0927742, -0.0538996, 0.0549661, 0.0759794, -0.198811, 0.0398599, -0.0327053, 0.025004, 0.0495899, 0.00762871, -0.0817834, 0.0124929, -0.0344008, 0.0170646, 0.0803632, 0.018413, -0.0364041, 0.0388743, 0.0466617, -0.0464678, -0.0244321, -0.035405, 0.0270949, -0.0705003, -0.0330108, 0.025815, -0.0100312, 0.0668366, -0.0649438, 0.0355474, -0.0302698], [0.0274388, -0.0188822, 0.0461556, -0.0255002, -0.00163091, 0.0572114, -0.17819, 0.0462127, -0.0292018, -0.147451, -0.227061, -0.0500841, -0.143628, -0.159154, 0.108704, 0.060642, 0.0247796, -0.0238885, -0.037484, -0.0590266, 0.0363679, 0.0528836, 0.0176637, 0.00068045, 0.0960718, 0.0339184, 0.0825997, -0.0746066, -0.0276014, -0.0471625, 0.00426238, 0.926408, -0.0317034, 0.189093, -0.0453801, 0.130977, 0.0715626, 0.0068322, 0.142762, 0.0474239, -0.0679345, 0.283511, -0.0447315, -0.0459484, -0.239575, -0.0666415, -0.114864, -0.0534288, -0.0158378, -0.138756, 0.166544, 0.105498, 0.0905252, 0.354167, -0.0541048, 0.245005, -0.00260283, 0.0761845, -0.0662252, 0.101706, -0.0686564, 0.0810876, 0.0535441, 0.115975], [-0.0273169, -0.0254948, 0.00104179, -0.0272394, 0.0116068, 0.0724216, -0.0334549, 0.00774088, -4.97995e-05, 0.0540837, 0.113397, 0.15218, 0.0487466, -0.00581328, 0.0402062, 0.0103464, -0.0266644, 0.0294628, 0.0690993, -0.0564259, 0.140946, -0.0734401, -0.0384879, -0.0567746, -0.0699119, 0.119726, 0.0505395, -0.0787589, -0.0546091, 0.210513, 0.0664043, -0.0317034, 0.876065, 0.029531, -0.0958924, -0.0387169, 0.0173654, -0.11408, 0.0584479, -0.0128613, 0.265825, 0.0474459, 0.0424598, 0.018757, -0.0982975, -0.0351838, 0.188027, 0.142084, 0.0552288, -0.0493117, -0.0399593, 0.12836, 0.0203326, 0.0180392, 0.0762609, 0.155365, -0.06086, 0.126368, -0.209116, -0.0231626, -0.0883208, -0.0222695, 0.0377127, -0.0477336], [0.0204148, 0.0383276, 0.0235834, 0.0310081, 0.000572301, 0.0637879, 0.0675262, -0.078095, 0.0102673, 0.00768144, -0.183343, 0.105613, 0.0352095, 0.00517273, 0.017914, -0.147834, 0.08813, 0.235729, -0.0563109, -0.0743063, 0.162167, -0.139181, 0.115737, 0.201248, -0.0158786, 0.000972793, -0.0520643, -0.0426871, 0.085376, 0.0315838, 0.0927742, 0.189093, 0.029531, 0.705937, 0.113603, -0.0972594, -0.151344, 0.0281603, 0.279455, 0.00531738, -0.127232, 0.0911287, -0.0365493, 0.0404384, -0.114825, -0.0103951, -0.089592, -0.033672, 0.233573, -0.0196004, 0.170153, 0.153838, -0.035288, 0.0588697, 0.252638, 0.301797, -0.0939319, -0.0188922, -0.00818111, 0.0216813, 0.0192669, -0.111712, -0.0215987, 0.125299], [-0.0771905, -0.0286759, 0.00939506, -0.0432667, 0.00459977, 0.0186795, -0.0589214, -0.0343379, 0.00337855, 0.199089, -0.121838, 0.0472232, 0.0881739, -0.0958975, 0.0133061, -0.0360376, -0.0828697, 0.102592, 0.0901913, -0.00298571, 0.0511194, -0.015131, 0.0513789, 0.188875, -0.0129258, -0.210928, -0.0364304, -0.134685, 0.114055, -0.0101045, -0.0538996, -0.0453801, -0.0958924, 0.113603, 0.643159, -0.158448, 0.0432264, 0.218426, 0.0913189, 0.145363, -0.0210627, 0.159684, 0.0133784, 0.101052, 0.00915024, -0.0179208, -0.0260254, -0.0281797, 0.166734, 0.110981, -0.0517113, -0.0206528, 0.134696, -0.0161033, 0.0980547, 0.129286, 0.00354817, -0.0680298, 0.0773445, -0.173131, 0.0715969, -0.0196561, 0.0325886, 0.194266], [0.0262751, -0.0429189, 0.0219944, 0.0129671, 0.00497865, -0.0986867, 0.0072252, -0.029311, -0.0316471, -0.065646, -0.0334255, -0.151247, -0.0636124, 0.0503617, -0.0310814, -0.117907, 0.0852887, -0.171326, -0.0669313, 0.0862868, -0.00246061, 0.123382, 0.0117352, -0.0876386, -0.028216, 0.0895602, 0.156703, -0.0187524, -0.103913, 0.0848574, 0.0549661, 0.130977, -0.0387169, -0.0972594, -0.158448, 0.766243, -0.105374, -0.0516065, -0.0193462, -0.111525, -0.0328129, -0.132942, -0.120302, -0.139117, -0.153722, 0.145628, 0.0605757, -0.121347, -0.166034, -0.099737, -0.0783628, 0.0324002, 0.085768, 0.197794, -0.22383, -0.0109906, -0.116735, -0.0480809, 0.0859653, 0.125035, 0.123711, 0.108194, 0.0103174, -0.108265], [-0.0970329, -0.00532438, -0.0464787, -0.0522222, -0.0031977, -0.00221781, -0.228079, 0.0914861, -0.0158156, -0.0838073, 0.0389293, -0.047138, -0.0218928, -0.279491, 0.0187452, 0.159341, -0.250045, -0.0523714, 0.228908, 0.0625352, 0.0246233, 0.0437823, -0.0590311, 0.0257522, -0.152519, -0.00781167, 0.017353, -0.124368, 0.0931859, -0.0273953, 0.0759794, 0.0715626, 0.0173654, -0.151344, 0.0432264, -0.105374, 1.03315, 0.0375775, 0.074218, -1.85311e-06, -0.00424099, 0.364136, 0.0899705, 0.061164, 0.155483, 0.0202438, 0.199418, 0.0828011, -0.0812146, 0.157368, 0.0906518, -0.0600464, 0.11927, 0.26113, -0.0823283, -0.0273876, -0.0805104, 0.0354721, -0.0720914, -0.0523865, -0.0806598, 0.00188835, -0.063027, 0.208162], [0.00153412, 0.00399414, -0.0449634, -0.0256494, -0.0338723, 0.0177436, -0.0104734, 0.00889998, -0.0254864, -0.173324, -0.187698, 0.032906, -0.0250732, -0.21964, -0.0797585, 0.0870899, -0.0147018, -0.0588582, -0.0793359, 0.055961, 0.149718, -0.00634403, 0.0177294, 0.113757, -0.0133671, -0.0421239, -0.12805, -0.175338, 0.0336095, -0.131734, -0.198811, 0.0068322, -0.11408, 0.0281603, 0.218426, -0.0516065, 0.0375775, 0.677664, 0.0560385, -0.00954882, -0.0758762, 0.123832, -0.0353003, 0.162674, -0.115776, -0.1144, -0.216642, 0.0152892, 0.0900505, 0.0252299, 0.0145925, 0.0658458, 0.0827004, 0.153805, 0.0986794, 0.0776286, -0.0706443, -0.144683, -0.146957, -0.257417, 0.255561, -0.014474, 0.0396958, 0.130363], [0.0209466, 0.00246435, 0.0219856, -0.00115631, -0.0254046, 0.0407015, -0.00275216, -0.0617469, 0.026359, -0.0939452, -0.0564682, 0.050172, 0.0130687, -0.0785121, 0.0421209, -0.0956909, -0.033604, 0.276263, -0.076721, -0.161751, 0.102553, -0.158855, 0.195016, 0.185949, -0.0197701, 0.000679383, 0.0278464, 0.00863754, 0.0405364, 0.05179, 0.0398599, 0.142762, 0.0584479, 0.279455, 0.0913189, -0.0193462, 0.074218, 0.0560385, 0.59698, -0.00432643, 0.0583763, 0.206443, 0.0228386, 0.0542613, 0.01128, -0.0429038, 0.023755, -0.028218, 0.15308, 0.0236865, 0.164682, 0.110158, 0.0252381, 0.0125651, 0.161739, 0.208054, 0.0294014, 0.023903, -0.0311018, -0.0295511, -0.0714603, -0.0425359, -0.0194177, 0.139276], [0.00608257, 0.00955441, 0.0179284, -0.0119473, 0.0326567, 0.0730078, -0.0620568, 0.0865902, 0.00956518, 0.12644, -0.0800317, 0.0536093, -0.05382, -0.0144277, 0.0708045, 0.154429, -0.0736232, 0.0699214, 0.00103154, -0.00186929, 0.0557938, 0.017165, -0.101527, -0.0104785, -0.0593912, 0.0144943, -0.117688, -0.00312184, 0.0599815, 0.0567198, -0.0327053, 0.0474239, -0.0128613, 0.00531738, 0.145363, -0.111525, -1.85311e-06, -0.00954882, -0.00432643, 0.492908, 0.0044116, 0.125615, 0.0653431, 0.0230759, 0.0581548, -0.0180509, 0.0121379, 0.0282069, 0.0144636, 0.052547, 0.0153334, -0.180283, 0.127722, -0.0582873, 0.0417371, 0.0363354, -0.0682885, -0.0458474, -0.0637775, 0.0101833, -0.0201648, -0.0337223, 0.0986788, 0.0770013], [0.0656874, -0.0249629, -0.0026304, 0.0129668, 0.000712643, 0.0623732, 0.0427542, -0.0474838, 0.0381576, 0.0279765, 0.167492, -0.0438565, -0.13402, 0.0589826, -0.180546, -0.0872854, -0.0338937, 0.139389, 0.0171198, -0.205749, -0.107738, 0.0484538, -0.0878129, 0.102443, 0.0558919, 0.102521, 0.00486253, 0.12973, -0.152325, 0.086555, 0.025004, -0.0679345, 0.265825, -0.127232, -0.0210627, -0.0328129, -0.00424099, -0.0758762, 0.0583763, 0.0044116, 0.858333, -0.100615, 0.125413, -0.026616, 0.0239906, -0.149467, 0.0332572, -0.00407688, 0.0615847, 0.00713048, -0.0430057, -0.0470872, 0.18164, -0.278412, 0.0699309, -0.104163, -0.187808, -0.0313603, -0.022852, 0.0225048, -0.0404829, -0.101879, 0.0371429, -0.0803206], [-0.0282812, -0.00801592, 0.0627724, -0.0864607, -0.000701831, 0.00756753, -0.106588, 0.080169, 0.00244315, -0.107926, -0.230258, 0.0205183, 0.065698, -0.130498, 0.115735, 0.166247, -0.0335011, 0.16989, 0.0345482, -0.062297, 0.26243, 0.0277967, 0.101403, 0.245877, -0.136428, -0.0944405, -0.0657777, -0.0542172, 0.147491, 0.0631386, 0.0495899, 0.283511, 0.0474459, 0.0911287, 0.159684, -0.132942, 0.364136, 0.123832, 0.206443, 0.125615, -0.100615, 1.02672, 0.0169758, -0.0283911, -0.0769287, 0.0470364, -0.047655, -0.14617, 0.119009, -0.0543188, 0.130457, 0.232862, 0.127283, 0.200589, 0.175812, 0.524345, -0.00689554, 0.0863792, -0.148138, 0.0841509, 0.0468735, -0.00473809, 0.201391, 0.276336], [0.0403513, 0.0197194, -0.00316597, -0.0169903, 0.0118259, 0.0233524, -0.0258955, -0.0151704, 0.0191725, 0.011684, 0.0824809, -0.0189164, -0.0637679, -0.05507, 0.0199345, 0.0711596, 0.0909089, 0.099491, 0.0361612, -0.0931372, 0.11189, -0.0986852, 0.00761769, 0.0250149, -0.0732667, -0.0723468, 0.01746, 0.0490007, 0.0250974, -0.101744, 0.00762871, -0.0447315, 0.0424598, -0.0365493, 0.0133784, -0.120302, 0.0899705, -0.0353003, 0.0228386, 0.0653431, 0.125413, 0.0169758, 0.593555, -0.043404, 0.0839053, -0.157697, -0.00240954, 0.0366351, -0.0183679, 0.00204392, 0.0890733, -0.0136296, -0.0158116, -0.0682262, 0.00441618, -0.0317157, 0.00805552, 0.00111223, -0.0554194, 0.0170258, -0.123611, -0.21207, -0.00977491, 0.0655967], [-0.0745159, 0.0170347, -0.0720766, -0.00666974, -0.00411072, -0.0068186, 0.0336804, -0.00440172, -0.0189803, 0.121815, -0.0197807, 0.137996, 0.141184, -0.0419945, 0.0555224, 0.0180652, -0.167897, -0.0554677, 0.0772395, 0.0786638, 0.0593961, -0.0653571, 0.0804715, 0.0311504, -0.0604326, 0.0324033, -0.0947805, -0.0280797, -0.0146053, 0.0332912, -0.0817834, -0.0459484, 0.018757, 0.0404384, 0.101052, -0.139117, 0.061164, 0.162674, 0.0542613, 0.0230759, -0.026616, -0.0283911, -0.043404, 0.517026, -0.0368133, 0.0167641, -0.122357, 0.030431, 0.154384, 0.0933899, -0.113056, 0.0349993, 0.0899406, 0.135577, 0.0688657, -0.12064, 0.124056, -0.0488193, 0.0314098, -0.225597, 0.0618208, 0.0907624, 0.0349304, 0.067183], [-0.0187306, 0.0178949, -0.0601446, 0.0114258, 0.00810295, -0.00494562, -0.00215323, -0.00712522, 0.0306516, 0.120409, 0.083889, -0.00267514, 0.00473419, 0.0404707, 0.071039, -0.0493514, -0.155106, 0.08699, 0.0511681, -0.0197744, 0.0856534, -0.118186, -0.049173, -0.148747, -0.0538976, -0.00248408, 0.0021962, 0.063917, 0.0115206, -0.0349545, 0.0124929, -0.239575, -0.0982975, -0.114825, 0.00915024, -0.153722, 0.155483, -0.115776, 0.01128, 0.0581548, 0.0239906, -0.0769287, 0.0839053, -0.0368133, 0.534796, 0.00621913, 0.141321, 0.116675, -0.132492, 0.0756329, 0.0102992, -0.152417, -0.0891492, -0.242055, -0.00210987, -0.0821749, 0.0470322, 0.0285499, 0.0975617, -0.029436, -0.0971518, 0.0136602, -0.145704, -0.0120547], [0.0224776, 0.0185504, -0.0308973, -0.0161438, -0.00312514, -0.127877, 0.0092585, 0.0739494, -0.0040489, 0.0833571, -0.0330524, -0.0783918, 0.0543552, 0.0292306, 0.0927495, 0.110772, -0.0219568, -0.0274935, -0.0389092, 0.112915, 0.135394, -0.00725149, 0.0177032, -0.0178269, -0.0773219, -0.000626734, 0.0180459, -0.0270592, 0.115577, 0.0778269, -0.0344008, -0.0666415, -0.0351838, -0.0103951, -0.0179208, 0.145628, 0.0202438, -0.1144, -0.0429038, -0.0180509, -0.149467, 0.0470364, -0.157697, 0.0167641, 0.00621913, 0.910247, -0.139601, -0.0362258, 0.0491671, 0.0613394, -0.163563, 0.0470482, -0.0490729, -0.0475868, -0.0373665, 0.0677224, 0.188563, -0.00291213, 0.013304, 0.155595, -0.119321, 0.193549, -0.0353004, 0.214615], [-0.0868302, -0.0124055, -0.0365365, -0.0392688, 0.0232794, -0.00203787, -0.111352, 0.068209, -0.00626605, 0.0791429, 0.0353862, 0.0220422, 0.0417305, -0.111387, -0.23473, 0.133904, -0.106664, -0.0854437, 0.186084, -0.097797, -0.225002, 0.0681184, -0.209258, -0.144796, -0.0675318, -0.0657505, 0.20406, 0.0938067, -0.14202, -0.0774816, 0.0170646, -0.114864, 0.188027, -0.089592, -0.0260254, 0.0605757, 0.199418, -0.216642, 0.023755, 0.0121379, 0.0332572, -0.047655, -0.00240954, -0.122357, 0.141321, -0.139601, 0.960165, 0.131912, -0.190621, -0.0180315, -0.0517375, -0.0809471, 0.0368095, 0.0887208, -0.164931, -0.165396, -0.0271782, -0.0630319, 4.40851e-06, -0.0980211, -0.278415, -0.0243588, -0.06307, -0.0500066], [-0.0241424, -0.00481614, -0.048628, -0.0205079, 0.0228426, 0.0515943, -0.0725147, -0.00456471, -0.0178948, 0.128711, -0.199867, 0.0942463, 0.0174204, -0.11214, -0.0569415, 0.00282274, -0.182334, -0.119199, -0.0105233, 0.0215832, -0.0520037, -0.0833549, -0.00716097, -0.11694, 0.128958, 0.2693, 0.0491681, -0.00459429, 0.05884, -0.030985, 0.0803632, -0.0534288, 0.142084, -0.033672, -0.0281797, -0.121347, 0.0828011, 0.0152892, -0.028218, 0.0282069, -0.00407688, -0.14617, 0.0366351, 0.030431, 0.116675, -0.0362258, 0.131912, 0.687494, -0.129712, 0.0559129, -0.0223966, 0.0113706, 0.0608722, 0.00725024, -0.148988, -0.239208, -0.081316, 0.0107529, 0.105178, -0.220105, -0.0707682, 0.138886, -0.0874868, -0.0487823], [-0.0371251, 0.0233155, -0.0012082, -0.0025934, 0.00106948, 0.0414991, 0.0250528, 0.00779435, -0.0048523, 0.0934463, 0.00105037, 0.15253, 0.112206, -0.017509, 0.0533466, 0.0634779, 0.0916208, 0.134925, -0.00302154, -0.136416, 0.094046, -0.060594, 0.0573435, 0.175171, -0.0996841, -0.0180821, -0.0235059, -0.0453855, 0.00369494, 0.0606082, 0.018413, -0.0158378, 0.0552288, 0.233573, 0.166734, -0.166034, -0.0812146, 0.0900505, 0.15308, 0.0144636, 0.0615847, 0.119009, -0.0183679, 0.154384, -0.132492, 0.0491671, -0.190621, -0.129712, 0.595369, -0.00255266, 0.0695102, 0.0647174, 0.0519409, 0.0215046, 0.170086, 0.13112, 0.0330052, -0.110524, -0.0309576, -0.0427848, 0.133571, -0.129978, -0.00299184, 0.191538], [-0.0293652, 0.0229092, -0.0354308, 0.0267973, -0.0200242, -0.023566, 0.0132488, 0.0273958, 0.0108711, -0.0416007, 0.130608, -0.029236, 0.00759232, -0.071433, 0.0199984, -0.00449618, -0.190723, 0.0353076, 0.0276684, -0.0642273, -0.06848, -0.0404588, 0.0715646, 0.108889, -0.0471516, -0.00116369, -0.00479459, -0.0309579, 0.0126328, -0.0210873, -0.0364041, -0.138756, -0.0493117, -0.0196004, 0.110981, -0.099737, 0.157368, 0.0252299, 0.0236865, 0.052547, 0.00713048, -0.0543188, 0.00204392, 0.0933899, 0.0756329, 0.0613394, -0.0180315, 0.0559129, -0.00255266, 0.447728, -0.0366458, -0.0403609, -0.01771, -0.0782951, 0.0305718, -0.0593871, 0.0119607, -0.121422, -0.0909187, -0.100045, -0.0567739, 0.0120292, -0.0802038, -0.000960834], [0.00143279, 0.0120827, 0.0725893, -0.00539463, -0.00700752, 0.0653307, 0.0135318, 0.0249052, 0.0124437, -0.119564, -0.101857, -0.00461031, -0.100147, 0.0439749, 0.109477, 0.0938887, 0.12233, 0.147, -0.122045, -0.14817, 0.151672, -0.132705, 0.0404365, -0.010913, -0.0238609, -0.0536627, 0.0249681, -0.0627954, 0.0901053, -0.00976169, 0.0388743, 0.166544, -0.0399593, 0.170153, -0.0517113, -0.0783628, 0.0906518, 0.0145925, 0.164682, 0.0153334, -0.0430057, 0.130457, 0.0890733, -0.113056, 0.0102992, -0.163563, -0.0517375, -0.0223966, 0.0695102, -0.0366458, 0.669378, 0.130869, -0.0989339, 0.0771992, 0.0976222, 0.0665675, -0.0830919, 0.0803317, 0.0442319, 0.0110272, 0.075087, -0.214259, 0.0881921, 0.0690696], [0.0437423, -0.0147045, -0.0163607, -0.0435554, -0.0311758, -0.0500514, 0.108756, -0.0600247, 0.00498067, -0.218252, -0.0605246, 0.00470624, 0.0394267, 0.0548157, -0.0706391, -0.0861502, 0.0695008, 0.105619, -0.0214721, -0.0377031, 0.125021, -0.203958, -0.009504, 0.0545647, 0.00575515, 0.225308, 0.124768, -0.19124, 0.0160654, -0.0860945, 0.0466617, 0.105498, 0.12836, 0.153838, -0.0206528, 0.0324002, -0.0600464, 0.0658458, 0.110158, -0.180283, -0.0470872, 0.232862, -0.0136296, 0.0349993, -0.152417, 0.0470482, -0.0809471, 0.0113706, 0.0647174, -0.0403609, 0.130869, 0.959681, -0.0658944, 0.0116622, 0.118663, 0.300929, 0.0241056, 0.0252368, 0.0266301, -0.1377, 0.110628, 0.029736, 0.0338422, 0.0360618], [-0.0807211, -0.058873, -0.0968262, -0.0622499, 0.0379357, 0.0242832, -0.0676454, 0.0591989, 0.00333393, 0.324364, -0.124703, 0.0204685, -0.0404973, 0.0318296, 0.0405862, 0.0789357, -0.152505, -0.00568364, 0.00139721, 0.0443945, -0.208467, 0.114608, 0.0101751, 0.101318, 0.0495459, 0.0482743, -0.109557, -0.00413782, -0.109289, 0.150647, -0.0464678, 0.0905252, 0.0203326, -0.035288, 0.134696, 0.085768, 0.11927, 0.0827004, 0.0252381, 0.127722, 0.18164, 0.127283, -0.0158116, 0.0899406, -0.0891492, -0.0490729, 0.0368095, 0.0608722, 0.0519409, -0.01771, -0.0989339, -0.0658944, 1.22594, -0.0122502, -0.142625, -0.037705, 0.00734369, -0.0153761, 0.0303158, -0.107021, 0.0623386, 0.282686, 0.073362, -0.0481884], [-0.0701046, -0.026518, -0.023166, -0.0270848, 0.0289706, -0.0291183, -0.158636, 0.0587609, -0.111105, 0.0140365, -0.106207, 0.0252953, 0.0605394, -0.10549, 0.162438, 0.110586, 0.0578457, -0.394432, 0.251263, -0.129006, 0.0693982, 0.280842, 0.119521, -0.0528498, 0.0805984, -0.0120791, -0.022777, -0.0730465, 0.0146337, -0.104359, -0.0244321, 0.354167, 0.0180392, 0.0588697, -0.0161033, 0.197794, 0.26113, 0.153805, 0.0125651, -0.0582873, -0.278412, 0.200589, -0.0682262, 0.135577, -0.242055, -0.0475868, 0.0887208, 0.00725024, 0.0215046, -0.0782951, 0.0771992, 0.0116622, -0.0122502, 1.0585, -0.182185, -0.0548003, 0.105121, -0.066504, -0.157237, 0.0915418, 0.0441741, 0.0682112, 0.130924, 0.102772], [0.0111831, 0.027771, -0.00587364, -0.00855836, -0.030265, -0.00939833, 0.105307, 0.00724886, 0.0355497, -0.161581, -0.170746, 0.0484167, 0.0937106, -0.0315639, -0.0787286, 0.0249047, -0.045335, 0.315715, 0.090377, -0.0366243, 0.117835, -0.146685, 0.0111102, 0.172739, -0.0869916, -0.0735358, -0.125762, -0.0933689, 0.095322, 0.0396459, -0.035405, -0.0541048, 0.0762609, 0.252638, 0.0980547, -0.22383, -0.0823283, 0.0986794, 0.161739, 0.0417371, 0.0699309, 0.175812, 0.00441618, 0.0688657, -0.00210987, -0.0373665, -0.164931, -0.148988, 0.170086, 0.0305718, 0.0976222, 0.118663, -0.142625, -0.182185, 0.654571, 0.300208, 0.0442417, -0.0190818, -0.0339693, 0.0325765, 0.0641821, -0.14361, 0.0538721, 0.144131], [0.0390619, 0.0241296, 0.0479532, 0.000166034, -0.041031, -0.043455, 0.00774085, 0.0738067, 0.0242407, -0.307677, -0.146148, -0.0147242, 0.0406189, -0.0389721, 0.1596, 0.0767221, 0.0302884, 0.3049, -0.233506, 0.0414375, 0.215765, -0.0475936, 0.0221485, 0.275511, -0.062757, -0.11961, 0.0023915, -0.196999, 0.112632, 0.032143, 0