{"inv_metric": [[0.192402, -0.00539403, 0.00699908, 0.00587318, -0.0186733, 0.000916174, 0.013167, 0.0183432, 0.0102064, -0.047806, -0.00544753, -0.0319977, -0.0784222, 0.0138237, 0.0248322, 0.0418619, 0.0145147, 0.021204, -0.0411325, 0.0963225, -0.0491726, -0.03763, -0.000425979, 0.00419657, 0.0300699, -0.0520108, 0.100465, 0.0377463, -0.0108919, -0.0650767, 0.051717, -0.0339756, 0.122825, -0.010094, 0.0550817, 0.0308217, 0.041434, -0.0353298, 0.0380181, -0.00521013, -0.0887763, 0.0810821, -0.112998, -0.00211413, -0.0960942, 0.00950415, -0.105145, -0.0149847, 0.0137115, -0.0437518, -0.0302375, -0.0417403, 0.0191018, -0.0233434, 0.0870351, 0.0791692, 0.0915895, -0.0589355, -0.114637, -0.0298195, 0.102986, 0.0306041, 0.00897162, -0.0677105], [-0.00539403, 0.143991, -0.0338489, 0.086059, 0.00199859, 0.0182405, -0.0030558, 0.00130001, -0.0189735, -0.00390588, 0.0435211, 0.0640666, 0.0457173, 0.0424759, -0.030469, 0.0109655, -0.0271478, -0.0626384, 0.0593285, -0.0866138, -0.00639363, 0.0966409, 0.0793201, -0.0175761, -0.06802, 0.0807985, -0.0712685, -0.0141489, 0.0423872, 0.0704463, 0.0121159, -0.0162376, -0.0401492, -0.0307301, -0.0320039, 0.0377266, -0.054426, 0.022452, -0.0100375, 0.0136323, 0.0964733, -0.0294863, 0.0130088, 0.0603647, 0.0426432, 0.0535142, 0.0674823, -0.0219206, -0.012063, 0.0338004, -0.0060985, 0.0114477, -0.130367, 0.0236552, -0.0455946, -0.0674187, -0.0261924, 0.0937334, 0.0453894, 0.0112107, -0.00405127, 0.0120119, -0.0689172, 0.0848105], [0.00699908, -0.0338489, 0.158748, -0.0317801, 0.000113255, -0.0137416, -0.0130369, -0.00206482, 0.00965179, -0.032867, -0.0421597, -0.0226004, 0.0195933, -0.0737144, 0.0563398, 0.0118185, -0.0155641, 0.023762, -0.0833065, 0.00387892, 0.0157741, -0.0437046, 0.0181964, 0.0229511, 0.0346854, -0.0173412, -0.0209884, 0.0464154, -0.0836889, -0.0427381, -0.0458554, -0.00380389, 0.0508741, -0.00724107, 0.0217341, -0.0282121, 0.0331609, -0.0144425, 0.0342316, -0.0323085, -0.000393142, -0.0280645, -0.00617074, -0.0118603, 0.0204412, -0.0547249, 0.0323132, -0.0247508, -0.021226, -0.0923863, 0.0567994, -0.026325, -0.00044345, -0.039027, 0.0758931, 0.0329677, 0.0620412, -0.0101191, -0.0388985, -0.0477219, -0.012786, 0.00916084, 0.0281423, -0.0265663], [0.00587318, 0.086059, -0.0317801, 0.0990408, -0.00546706, 0.00943351, 0.00897291, -0.0119519, -0.0120514, -0.0125554, 0.0118141, 0.0221329, 0.00956029, 0.0169395, -0.0353488, -0.0368785, 0.0196804, -0.0441563, 0.0488576, -0.0391224, -0.00710889, 0.03802, 0.0790948, -0.00225068, -0.0458775, 0.000835545, -0.0253269, -0.00783124, 0.0706956, 0.0227654, -0.0125059, -0.0322929, 0.0288813, -0.0141166, -0.0173434, 0.0421463, -0.0400576, 0.0162922, 0.00907762, 0.0207926, 0.0137716, -0.00381567, -0.0277901, 0.0470779, -0.0196048, 0.0187107, 0.00305874, -0.0326316, 0.0169872, 0.0274686, 0.0162387, 0.0107535, -0.0464403, 0.0433751, -0.0133047, -0.0119529, 0.0164692, -0.0122577, 0.0398368, -0.00840896, 0.024795, 0.0295074, -0.0338096, -0.0332069], [-0.0186733, 0.00199859, 0.000113255, -0.00546706, 0.0423784, 0.016236, -0.00465159, -0.019373, -0.00101861, 0.136513, -0.0622353, 0.0338151, 0.00933885, -0.0107254, -0.00869109, -0.0292838, -0.0206813, -0.00801626, -0.00877419, -0.0527829, 0.0200842, 0.0414225, -0.0260109, 0.0336008, 0.00292201, 0.0308248, -0.0435873, 0.0204508, 0.0449504, 0.0193116, 0.0170761, 0.0354707, -0.019118, 0.00821689, -0.0243623, -0.0114817, -0.00435501, 0.0259513, -0.0240819, 0.0323654, 0.0641553, -0.0315176, 0.0476616, 0.00660888, 0.0578498, 0.0340263, 0.025052, -0.0202909, -0.0224536, -0.0344228, -0.0202923, -8.69527e-05, -0.0108071, 0.0108858, -0.00869293, -0.0615284, -0.0200267, 0.0197569, 0.0434215, -0.00709042, -0.0184051, -0.041548, 0.0159672, 0.00813214], [0.000916174, 0.0182405, -0.0137416, 0.00943351, 0.016236, 0.371168, -0.137178, -0.0059405, -0.016074, 0.0414586, -0.0637863, 0.346768, -0.146913, 0.0263553, 0.0402215, -0.0578369, -0.0611854, -0.0575117, 0.149715, -0.141298, 0.0968415, 0.138352, 0.12224, -0.16817, -0.072837, -0.00340397, -0.117895, -0.0544838, 0.0307574, -0.100799, -0.0235217, -0.0399842, -0.0205674, -0.0931843, -0.0297687, -0.110646, 0.0446594, 0.107637, -0.0634605, -0.0232822, 0.141067, -0.0259515, -0.0482389, -0.0119578, -0.0904918, 0.0213567, -0.0692447, 0.029408, -0.0911662, -0.0419235, 0.0925877, -0.129093, -0.122168, -0.0438359, -0.0200755, -0.0227192, -0.225833, 0.0231704, 0.226785, -0.00165634, 0.110534, 0.100529, 0.087869, 0.0151629], [0.013167, -0.0030558, -0.0130369, 0.00897291, -0.00465159, -0.137178, 0.385952, 0.0436079, -0.007693, -0.0570694, 0.0148989, -0.13927, 0.0249063, 0.191385, -0.0921406, 0.0547386, -0.0828818, -0.0529024, -0.103571, 0.0120036, -0.116579, -0.183281, 0.0647765, 0.241106, -0.0484097, -0.0445365, -0.0452113, -0.0974343, -0.0719078, 0.0505322, -0.0173539, 0.032781, -0.106062, 0.119782, -0.0456378, 0.00503496, -0.0510325, -0.0334344, -0.0382321, 0.0828501, -0.0124091, -0.16811, 0.0472191, 0.0465584, 0.0912713, 0.0077816, 0.0450794, 0.000645059, -0.0361013, 0.0846672, 0.0142778, 0.0228925, -0.0722557, -0.000193139, -0.101219, 0.0239456, 0.0385693, 0.0080557, -0.162768, -0.0559911, -0.122642, -0.0803416, -0.00244577, -0.0322016], [0.0183432, 0.00130001, -0.00206482, -0.0119519, -0.019373, -0.0059405, 0.0436079, 0.235371, 0.0228328, -0.0927906, 0.0330492, -0.0705868, -0.0532415, 0.0384168, 0.0299304, 0.304932, -0.215612, 0.0403365, -0.145305, -0.0389678, -0.00925688, -0.0634128, 0.0141943, -0.022535, 0.0137, -0.0696833, 0.0938314, -0.0576965, -0.144876, -0.0172187, 0.0235296, 0.0818229, 0.0821574, 0.0164344, 0.0125257, -0.0214093, 0.0865616, -0.0311048, 0.031521, 0.0405553, -0.12896, -0.0351275, -0.117139, -0.0196955, -0.00313938, -0.040877, -0.0761843, 0.10054, -0.0748588, 0.033753, 0.043741, -0.0676342, 0.00877208, -0.109823, -0.0186797, 0.0610801, 0.015895, -0.0801214, -0.0106475, -0.0210146, -0.0151311, -0.00543672, -0.0272842, -0.0460467], [0.0102064, -0.0189735, 0.00965179, -0.0120514, -0.00101861, -0.016074, -0.007693, 0.0228328, 0.0279466, 0.00392635, -0.0162132, -0.0364889, -0.0167547, -0.0371935, 0.00328968, 0.0306293, -0.00401334, 0.0843753, -0.0581891, 0.0400718, -0.03183, -0.0393606, -0.0281277, -0.00385504, 0.0100185, -0.0285451, 0.0303986, 0.0319502, -0.0194696, -0.0117758, 0.00590596, 0.00984753, 0.0388233, -0.00482972, -0.01411, 0.0122582, 0.0259975, -0.025976, 0.0454229, 0.00556897, -0.0679934, 0.0125914, -0.0149299, -0.0229954, -0.0362105, -0.00393991, 0.00675968, 0.00714999, 0.00525208, -0.0123209, -0.0222362, -0.0101016, 0.0431786, -0.0852824, 0.0241139, 0.0405093, 0.0405469, -0.0480336, -0.0380891, -0.0327406, -0.00623784, -0.00156368, 0.015546, -0.0346202], [-0.047806, -0.00390588, -0.032867, -0.0125554, 0.136513, 0.0414586, -0.0570694, -0.0927906, 0.00392635, 0.688039, -0.123028, 0.0533172, -0.0168391, -0.0105804, -0.0360503, -0.153518, -0.0477621, 0.015008, -0.0397108, -0.03599, -0.0397008, 0.163756, -0.100776, 0.0828576, -0.00103173, 0.117256, -0.167262, 0.102153, 0.178775, 0.139179, 0.108944, 0.0651326, -0.0801625, -0.0318735, -0.0297848, -0.0385811, 0.000215012, 0.100963, -0.0684117, 0.18253, 0.175088, -0.0360468, 0.150636, -0.0792522, 0.218677, 0.0402919, -0.0190676, -0.124438, -0.105379, -0.037369, -0.00448151, 0.0222472, -0.0160849, 0.0126537, 0.0761728, -0.238276, 0.00253283, 0.0830657, 0.153229, -0.0263395, 0.0671369, -0.0656502, 0.0143622, 0.0209706], [-0.00544753, 0.0435211, -0.0421597, 0.0118141, -0.0622353, -0.0637863, 0.0148989, 0.0330492, -0.0162132, -0.123028, 0.705241, 0.108971, 0.201126, 0.108726, 0.0800526, 0.00925603, -0.105851, 0.0168304, 0.222565, 0.008553, -0.0760355, 0.0821891, 0.250045, -0.103462, -0.115047, 0.122712, 0.111265, -0.0452458, -0.0525386, 0.0303168, -0.0288789, -0.00381985, -0.0781112, 0.0895173, -0.0546838, 0.0932774, 0.0150829, -0.0654389, -0.0220498, -0.084797, 0.0230382, -0.0119407, -0.00704472, 0.00855335, -0.0738082, -0.172229, 0.0715339, -0.0285208, 0.0123503, 0.197437, -0.0233704, 0.147159, -0.10221, 0.118863, -0.0712532, 0.0519016, -0.0371533, 0.206769, -0.0706214, 0.0415546, 0.11073, 0.0143841, -0.180349, 0.130227], [-0.0319977, 0.0640666, -0.0226004, 0.0221329, 0.0338151, 0.346768, -0.13927, -0.0705868, -0.0364889, 0.0533172, 0.108971, 0.795148, 0.335383, 0.026143, -0.0724377, -0.175337, -0.124086, -0.0875799, 0.255769, -0.254254, -0.00553357, 0.333558, 0.267787, -0.137788, -0.127865, 0.145095, -0.0762137, -0.108343, 0.0485747, -0.0577578, -0.0327901, -0.0116422, -0.105155, -0.0739182, -0.0580387, -0.00380655, -0.00478296, 0.257633, -0.0653485, -0.108233, 0.366144, -0.0329541, 0.0517056, 0.120776, -0.0359557, 0.00730244, 0.141045, 0.0420994, -0.0737351, -0.0309262, -0.000508646, 0.0270226, -0.232836, 0.0508423, -0.0791566, -0.190505, -0.246479, 0.18797, 0.241975, 0.174887, 0.126391, 0.063037, -0.0146446, 0.157798], [-0.0784222, 0.0457173, 0.0195933, 0.00956029, 0.00933885, -0.146913, 0.0249063, -0.0532415, -0.0167547, -0.0168391, 0.201126, 0.335383, 0.64128, 0.00244079, -0.0874295, -0.0795153, -0.0456349, -0.0189443, 0.0730389, -0.107535, -0.142529, 0.198298, 0.169717, 0.132116, -0.0588605, 0.20465, 0.0537954, -0.0727603, 0.00228771, 0.0878261, -0.0424149, 0.0572318, -0.0953281, 0.0520613, -0.00612927, 0.0842964, -0.100751, 0.161526, 0.0304291, -0.0898807, 0.232167, 0.0260709, 0.137113, 0.117867, 0.124156, -0.144559, 0.252512, 0.00661192, 0.0607948, 0.0596306, -0.091097, 0.23204, -0.0940144, 0.0961565, -0.0935663, -0.203414, -0.0470744, 0.180972, 0.0317238, 0.169345, -0.0928959, -0.109344, -0.26659, 0.145122], [0.0138237, 0.0424759, -0.0737144, 0.0169395, -0.0107254, 0.0263553, 0.191385, 0.0384168, -0.0371935, -0.0105804, 0.108726, 0.026143, 0.00244079, 0.532861, 0.0912989, 0.0489516, -0.0471608, -0.13023, -0.00617691, 0.0493919, -0.0392699, 0.119567, 0.175526, -0.116274, -0.0908249, 0.0554614, 0.0042276, -0.263674, -0.0115183, 0.0716311, 0.0175156, 0.141, -0.234377, 0.0225799, 0.00658066, -0.155162, -0.00129867, 0.00875555, -0.147503, 0.11314, 0.172158, -0.117173, 0.0313878, -0.0746139, 0.0886067, -0.0454486, -0.0401589, 0.030161, -0.0222529, 0.182321, 0.0581173, 0.0488318, -0.22031, 0.0891382, -0.165006, -0.0596342, -0.157311, 0.192472, 0.154155, -0.0376429, 0.0402408, 0.0233799, -0.0260308, 0.0183258], [0.0248322, -0.030469, 0.0563398, -0.0353488, -0.00869109, 0.0402215, -0.0921406, 0.0299304, 0.00328968, -0.0360503, 0.0800526, -0.0724377, -0.0874295, 0.0912989, 0.699793, -0.00204372, 4.07852e-05, 0.0180208, -0.00771526, -0.0868397, 0.0911288, -0.0254812, -0.00800911, -0.109469, -0.052176, -0.0923336, 0.0148924, 0.0854838, 0.0561713, 0.0819538, -0.0611158, -0.0281693, -0.0377529, 0.0358344, 0.177855, -0.0700092, -0.150508, 0.0118473, -0.0130631, -0.0163861, -0.00830251, -0.0522503, -0.118281, -0.044874, 0.0130866, -0.0905198, 0.051024, -0.0728737, 0.00869908, 0.0604351, 0.140422, -0.175466, -0.00960578, -0.0292728, -0.0184901, 0.163793, -0.147533, 0.15505, 0.149665, -0.18918, 0.0656775, 0.180748, -0.0399459, 0.000555211], [0.0418619, 0.0109655, 0.0118185, -0.0368785, -0.0292838, -0.0578369, 0.0547386, 0.304932, 0.0306293, -0.153518, 0.00925603, -0.175337, -0.0795153, 0.0489516, -0.00204372, 0.583904, -0.107461, 0.0581193, -0.231867, 0.00359851, 0.00861441, -0.0517171, -0.0730593, -0.00605373, 0.0585086, -0.00499209, 0.0782663, 0.00025484, -0.127049, 0.0173229, 0.0111078, 0.122701, 0.25259, 0.046487, 0.0743822, -0.0399876, 0.147582, -0.1039, 0.0556819, 0.0722574, -0.120432, 0.0400645, -0.0615891, -0.0170069, 0.0194764, -0.0260891, -0.14355, 0.138188, -0.0828431, 0.0525261, 0.0451703, -0.080758, 0.0473269, -0.130024, 0.0378613, 0.0152056, 0.0731057, -0.140824, -0.108603, -0.0628726, -0.0380196, -0.0819426, -0.0263636, -0.0153752], [0.0145147, -0.0271478, -0.0155641, 0.0196804, -0.0206813, -0.0611854, -0.0828818, -0.215612, -0.00401334, -0.0477621, -0.105851, -0.124086, -0.0456349, -0.0471608, 4.07852e-05, -0.107461, 0.991555, 0.0195153, 0.0865748, 0.0520496, -0.0401309, -0.033253, -0.0900435, -0.0288085, -0.0770504, 0.0942323, -0.103321, 0.274904, 0.264671, 0.0487915, -0.014323, -0.0755867, 0.0284961, 0.0677325, 0.0841388, -0.0498604, -0.0214037, -0.128395, 0.0394167, -0.0424495, 0.0455216, 0.143572, -0.0315406, 0.00439407, -0.117759, 0.0517801, -0.0833277, -0.0715809, 0.150365, -0.0209089, 0.000565794, 0.235303, 0.123095, 0.109226, 0.0918826, -0.0430541, 0.165761, 0.0102204, 0.0279842, 0.0262382, 0.0962795, 0.232393, 0.117298, 0.070187], [0.021204, -0.0626384, 0.023762, -0.0441563, -0.00801626, -0.0575117, -0.0529024, 0.0403365, 0.0843753, 0.015008, 0.0168304, -0.0875799, -0.0189443, -0.13023, 0.0180208, 0.0581193, 0.0195153, 0.370922, -0.0516714, 0.0818788, -0.100569, -0.0834358, -0.0960961, -0.016057, -0.0162406, -0.103081, 0.0705802, 0.141261, -0.0247349, -0.08969, 0.0407041, -0.0104865, 0.120956, 0.0320501, -0.0512236, 0.0402436, 0.142969, -0.0656858, 0.225978, -0.0263476, -0.213777, 0.084298, -0.0522725, -0.0403142, -0.147665, 0.0169761, 0.0789665, -0.00836436, 0.0625675, -0.0492669, -0.0825653, -0.00145389, 0.211225, -0.259617, 0.0406269, 0.117615, 0.0700021, -0.0860073, -0.178132, -0.129403, -0.0742282, -0.0216661, 0.0136753, -0.0983028], [-0.0411325, 0.0593285, -0.0833065, 0.0488576, -0.00877419, 0.149715, -0.103571, -0.145305, -0.0581891, -0.0397108, 0.222565, 0.255769, 0.0730389, -0.00617691, -0.00771526, -0.231867, 0.0865748, -0.0516714, 1.04926, -0.172765, 0.00786268, 0.171912, 0.0982329, -0.0913429, -0.154513, 0.101604, -0.109722, 0.142278, 0.112095, -0.196835, 0.0113306, -0.202192, -0.0701107, -0.0004795, -0.037491, -0.079496, 0.0108034, 0.0650753, -0.176475, -0.134856, 0.29622, -0.16104, -0.0327414, 0.0905694, -0.0859854, -0.134285, 0.0717982, -0.162768, -0.0080872, 0.0360844, -0.162056, -0.0754025, 0.0772215, 0.110917, -0.191219, -0.0624727, -0.289177, 0.263801, -0.0400317, -0.0884547, 0.0901029, -0.0675458, -0.101222, 0.208194], [0.0963225, -0.0866138, 0.00387892, -0.0391224, -0.0527829, -0.141298, 0.0120036, -0.0389678, 0.0400718, -0.03599, 0.008553, -0.254254, -0.107535, 0.0493919, -0.0868397, 0.00359851, 0.0520496, 0.0818788, -0.172765, 0.876634, -0.112363, -0.1525, -0.128035, -0.0385602, 0.246753, -0.111274, 0.232175, 0.0759328, -0.0978512, 0.0342277, 0.0112181, -0.0539822, 0.154161, -0.11843, 0.0501034, 0.125969, 0.0417371, -0.129429, -0.028604, 0.125998, -0.208797, 0.186575, -0.0555141, -0.333273, -0.172338, 0.0114293, -0.196767, -0.0325562, 0.0548159, 0.0112696, 0.0487582, -0.066079, 0.095403, -0.115666, 0.340881, 0.130687, 0.228423, -0.0830696, -0.276908, -0.0478239, 0.135184, 0.0285211, 0.0441126, -0.18133], [-0.0491726, -0.00639363, 0.0157741, -0.00710889, 0.0200842, 0.0968415, -0.116579, -0.00925688, -0.03183, -0.0397008, -0.0760355, -0.00553357, -0.142529, -0.0392699, 0.0911288, 0.00861441, -0.0401309, -0.100569, 0.00786268, -0.112363, 0.882825, 0.200133, 0.0117867, 0.0339421, 0.0469774, -0.0521351, -0.0754699, -0.192517, -0.00304835, 0.0114278, 0.0528713, 0.0119623, 0.0821828, 0.00978261, 0.0860122, -0.00665703, 0.0542747, 0.0706117, 0.0519709, -0.0746024, -0.0294816, 0.0747568, -0.0696056, 0.0671397, -0.0106928, 0.0580789, 0.00868127, -0.0404689, 0.0618471, -0.123975, -0.0581738, -0.0251944, 0.151228, 0.188977, -0.14257, 0.0379345, 0.00647829, -0.0575588, 0.0710022, 0.0505627, 0.0348797, -0.0439136, 0.103868, 0.102085], [-0.03763, 0.0966409, -0.0437046, 0.03802, 0.0414225, 0.138352, -0.183281, -0.0634128, -0.0393606, 0.163756, 0.0821891, 0.333558, 0.198298, 0.119567, -0.0254812, -0.0517171, -0.033253, -0.0834358, 0.171912, -0.1525, 0.200133, 0.755455, 0.22094, 0.0970195, -0.014203, 0.200466, -0.0511781, -0.262903, 0.0727545, 0.0839688, 0.020204, 0.0706331, 0.0566761, -0.0064727, -0.109493, -0.0248629, 0.10461, 0.231053, 0.0665381, -0.0683385, 0.289274, 0.0670801, 0.139618, 0.106299, -0.00047394, -0.0434576, 0.0757281, -0.0499368, -0.0158583, -0.0677208, -0.0725594, 0.132328, -0.143724, 0.198437, -0.0930181, -0.262719, -0.165675, 0.21233, 0.243877, 0.067252, 0.0357169, -0.116784, -0.162228, 0.115518], [-0.000425979, 0.0793201, 0.0181964, 0.0790948, -0.0260109, 0.12224, 0.0647765, 0.0141943, -0.0281277, -0.100776, 0.250045, 0.267787, 0.169717, 0.175526, -0.00800911, -0.0730593, -0.0900435, -0.0960961, 0.0982329, -0.128035, 0.0117867, 0.22094, 0.982577, 0.0790884, -0.213761, 0.0952431, 0.0653416, -0.294732, -0.259703, -0.0267482, 0.0115257, -0.032145, -0.0245889, 0.0108074, -0.0588121, 0.053908, -0.0967598, 0.104786, -0.00877349, -0.108414, 0.240764, -0.0791802, -0.0298291, 0.0584765, -0.19079, -0.049389, 0.0766088, 0.0728069, 0.129524, 0.029981, 0.10991, 0.158904, -0.332604, 0.0741259, -0.142289, 0.00981246, -0.123216, 0.180388, 0.184703, -0.076802, 0.00867544, 0.072491, -0.156337, 0.0913292], [0.00419657, -0.0175761, 0.0229511, -0.00225068, 0.0336008, -0.16817, 0.241106, -0.022535, -0.00385504, 0.0828576, -0.103462, -0.137788, 0.132116, -0.116274, -0.109469, -0.00605373, -0.0288085, -0.016057, -0.0913429, -0.0385602, 0.0339421, 0.0970195, 0.0790884, 0.750199, 0.0512928, 0.0389746, -0.0657905, -0.110886, 0.0385512, 0.14487, -0.0245494, 0.0229429, 0.116994, 0.151224, 0.00499843, 0.0424971, -0.0171914, 0.0995183, 0.126684, -0.0440065, 7.36251e-05, -0.0017574, 0.0833201, 0.0722155, 0.12321, 0.032846, 0.0727559, 0.000922223, -0.0325794, -0.112403, 0.0133777, 0.0773908, 0.0166848, 0.0368262, -0.0190774, -0.0809453, 0.110437, -0.0264613, -0.0271904, -0.0401152, -0.27287, -0.217951, -0.156941, 0.000221062], [0.0300699, -0.06802, 0.0346854, -0.0458775, 0.00292201, -0.072837, -0.0484097, 0.0137, 0.0100185, -0.00103173, -0.115047, -0.127865, -0.0588605, -0.0908249, -0.052176, 0.0585086, -0.0770504, -0.0162406, -0.154513, 0.246753, 0.0469774, -0.014203, -0.213761, 0.0512928, 0.985442, -0.0831042, -0.0127995, 0.0685704, -0.032232, 0.0811756, -0.00432885, 0.00383881, -0.00353267, 0.047276, 0.0181985, -0.0299235, 0.196481, -0.197393, 0.0459638, -0.00251577, -0.239186, 0.0998926, -0.0480841, -0.229372, 0.04596, 0.0401586, -0.0863668, -0.0435479, -0.0116072, -0.202451, -0.102449, -0.0155773, 0.0416026, 0.00995593, 0.195482, 0.154533, 0.112839, -0.0803469, -0.154844, -0.0112656, -0.0882617, -0.234383, 0.107535, -0.0728531], [-0.0520108, 0.0807985, -0.0173412, 0.000835545, 0.0308248, -0.00340397, -0.0445365, -0.0696833, -0.0285451, 0.117256, 0.122712, 0.145095, 0.20465, 0.0554614, -0.0923336, -0.00499209, 0.0942323, -0.103081, 0.101604, -0.111274, -0.0521351, 0.200466, 0.0952431, 0.0389746, -0.0831042, 0.894034, -0.125789, -0.166541, 0.17613, 0.137826, 0.0334932, 0.158915, -0.0920975, -0.000269818, 0.0331377, 0.0815429, -0.115466, 0.107137, -0.0800666, 0.0357409, 0.397804, -0.0222348, 0.149626, -0.07719, 0.140913, -0.09915, 0.125798, -0.00785883, -0.0625085, 0.0887932, -0.0969262, 0.18861, -0.164775, 0.0802388, -0.0835078, -0.173438, -0.0946324, 0.211852, 0.31995, 0.0106103, 0.0209931, -0.188244, -0.0758885, 0.200598], [0.100465, -0.0712685, -0.0209884, -0.0253269, -0.0435873, -0.117895, -0.0452113, 0.0938314, 0.0303986, -0.167262, 0.111265, -0.0762137, 0.0537954, 0.0042276, 0.0148924, 0.0782663, -0.103321, 0.0705802, -0.109722, 0.232175, -0.0754699, -0.0511781, 0.0653416, -0.0657905, -0.0127995, -0.125789, 0.849899, -0.0485933, 0.0131621, 0.0219969, 0.0977048, 0.160017, 0.125399, 0.0792034, 0.0426677, 0.142073, 0.0611006, -0.0314932, -0.0356607, -0.0724974, -0.173281, 0.028857, -0.0721276, -0.00905917, -0.180248, -0.0839997, -0.0918238, 0.210691, 0.0945643, -0.0220922, -0.0272829, 0.128348, -0.0780191, 0.0397869, 0.0354871, 0.0826642, 0.147773, -0.0827714, 0.0191721, 0.0292554, 0.109854, 0.0374468, -0.105736, -0.0574335], [0.0377463, -0.0141489, 0.0464154, -0.00783124, 0.0204508, -0.0544838, -0.0974343, -0.0576965, 0.0319502, 0.102153, -0.0452458, -0.108343, -0.0727603, -0.263674, 0.0854838, 0.00025484, 0.274904, 0.141261, 0.142278, 0.0759328, -0.192517, -0.262903, -0.294732, -0.110886, 0.0685704, -0.166541, -0.0485933, 0.990678, 0.221678, 0.0626684, 0.0733624, -0.0851018, 0.145075, -0.0189977, 0.0966073, -0.0404277, 0.0674328, -0.258437, -0.0687849, 0.0267107, -0.156769, -0.0853963, -0.0155798, -0.00709467, -0.100159, 0.0880548, -0.00346368, -0.207526, -0.027311, -0.0584717, -0.0612355, -0.0511377, 0.16302, -0.0629004, 0.0968746, -0.040228, 0.0965966, -0.0979615, -0.297794, -0.11773, -0.0077825, 0.175273, 0.019501, 0.0483634], [-0.0108919, 0.0423872, -0.0836889, 0.0706956, 0.0449504, 0.0307574, -0.0719078, -0.144876, -0.0194696, 0.178775, -0.0525386, 0.0485747, 0.00228771, -0.0115183, 0.0561713, -0.127049, 0.264671, -0.0247349, 0.112095, -0.0978512, -0.00304835, 0.0727545, -0.259703, 0.0385512, -0.032232, 0.17613, 0.0131621, 0.221678, 0.981992, 0.218796, -0.14623, 0.0864687, 0.0365353, 0.156734, 0.118844, -0.166867, -0.0104018, 0.071032, -0.0284316, 0.0576614, 0.0158777, 0.055415, 0.140216, 0.0710064, 0.128936, 0.0476111, -0.062926, 0.0736332, 0.0281469, 0.192436, -0.0229948, 0.137497, 0.0099976, 0.0953905, 0.0228217, -0.0482771, 0.00555518, -0.0727034, 0.254342, -0.0269032, -0.0269347, 0.056117, -0.0896504, -0.0701594], [-0.0650767, 0.0704463, -0.0427381, 0.0227654, 0.0193116, -0.100799, 0.0505322, -0.0172187, -0.0117758, 0.139179, 0.0303168, -0.0577578, 0.0878261, 0.0716311, 0.0819538, 0.0173229, 0.0487915, -0.08969, -0.196835, 0.0342277, 0.0114278, 0.0839688, -0.0267482, 0.14487, 0.0811756, 0.137826, 0.0219969, 0.0626684, 0.218796, 0.673693, 0.0245696, 0.15486, -0.0693499, 0.0394724, 0.124962, -0.0327155, -0.14936, 0.0876851, -0.0739965, 0.135199, 0.0224228, -0.0731418, 0.0885404, -0.107939, 0.190022, -0.0222339, 0.109805, 0.0119084, -0.00439692, 0.103586, 0.0282378, 0.163281, -0.268681, 0.093663, -0.0414833, -0.0946269, 0.0969789, 0.129607, 0.117879, -0.0198328, -0.0364677, 0.0730764, -0.00292702, 0.167754], [0.051717, 0.0121159, -0.0458554, -0.0125059, 0.0170761, -0.0235217, -0.0173539, 0.0235296, 0.00590596, 0.108944, -0.0288789, -0.0327901, -0.0424149, 0.0175156, -0.0611158, 0.0111078, -0.014323, 0.0407041, 0.0113306, 0.0112181, 0.0528713, 0.020204, 0.0115257, -0.0245494, -0.00432885, 0.0334932, 0.0977048, 0.0733624, -0.14623, 0.0245696, 0.618106, 0.0799611, -0.0999294, 0.00439405, 0.0168772, 0.14647, 0.0791114, 0.0323448, -0.0280879, -0.014397, 0.121313, -0.000232603, -0.0108723, -0.0738098, 0.056881, 0.00074669, 0.0481735, -0.0266124, -0.0515345, -0.0140702, -0.0333815, 0.0380795, 0.0499478, -0.0218444, -0.135419, -0.217872, -0.0175783, 0.114927, -0.0316798, -0.0806535, 0.177066, -0.0254665, 0.0224501, 0.0643466], [-0.0339756, -0.0162376, -0.00380389, -0.0322929, 0.0354707, -0.0399842, 0.032781, 0.0818229, 0.00984753, 0.0651326, -0.00381985, -0.0116422, 0.0572318, 0.141, -0.0281693, 0.122701, -0.0755867, -0.0104865, -0.202192, -0.0539822, 0.0119623, 0.0706331, -0.032145, 0.0229429, 0.00383881, 0.158915, 0.160017, -0.0851018, 0.0864687, 0.15486, 0.0799611, 0.744974, -0.0415316, 0.115625, 0.100838, -0.0115596, 0.0450256, 0.064515, -0.0576453, 0.110374, 0.084297, -0.0611746, 0.106158, -0.0974687, 0.144245, -0.0587217, -0.0182834, 0.112789, -0.0175518, 0.0481285, 0.00879068, 0.187103, 0.0692739, 0.115286, -0.178377, -0.107868, 0.0278188, -0.0600121, 0.3397, 0.00981058, 0.0149964, -0.120106, 0.084404, -0.0447368], [0.122825, -0.0401492, 0.0508741, 0.0288813, -0.019118, -0.0205674, -0.106062, 0.0821574, 0.0388233, -0.0801625, -0.0781112, -0.105155, -0.0953281, -0.234377, -0.0377529, 0.25259, 0.0284961, 0.120956, -0.0701107, 0.154161, 0.0821828, 0.0566761, -0.0245889, 0.116994, -0.00353267, -0.0920975, 0.125399, 0.145075, 0.0365353, -0.0693499, -0.0999294, -0.0415316, 1.27705, 0.0231265, 0.100467, 0.141558, 0.148694, -0.0272798, 0.166507, 0.0367525, -0.471036, 0.310331, -0.136592, 0.0799193, -0.290165, 0.0872807, -0.233492, -0.00854426, 0.090223, -0.279491, 0.0615206, -0.131401, 0.220392, -0.0053162, 0.180304, 0.190501, 0.272873, -0.398289, -0.171842, 0.00252115, 0.17572, -0.0701799, 0.110267, -0.299342], [-0.010094, -0.0307301, -0.00724107, -0.0141166, 0.00821689, -0.0931843, 0.119782, 0.0164344, -0.00482972, -0.0318735, 0.0895173, -0.0739182, 0.0520613, 0.0225799, 0.0358344, 0.046487, 0.0677325, 0.0320501, -0.0004795, -0.11843, 0.00978261, -0.0064727, 0.0108074, 0.151224, 0.047276, -0.000269818, 0.0792034, -0.0189977, 0.156734, 0.0394724, 0.00439405, 0.115625, 0.0231265, 0.412582, 0.0266637, -0.0148463, 0.0133892, 0.0742998, 0.129125, -0.0092552, -0.0911171, -0.0137238, 0.0102035, 0.0621098, 0.102623, 0.00413125, 0.0479898, 0.0502185, 0.0200966, 0.0246375, -0.0536295, 0.165493, -0.0342108, 0.12892, -0.04986, 0.038287, 0.0425017, 0.00473958, -0.0694796, -0.0315178, -0.147075, -0.039633, -0.0248486, 0.0266961], [0.0550817, -0.0320039, 0.0217341, -0.0173434, -0.0243623, -0.0297687, -0.0456378, 0.0125257, -0.01411, -0.0297848, -0.0546838, -0.0580387, -0.00612927, 0.00658066, 0.177855, 0.0743822, 0.0841388, -0.0512236, -0.037491, 0.0501034, 0.0860122, -0.109493, -0.0588121, 0.00499843, 0.0181985, 0.0331377, 0.0426677, 0.0966073, 0.118844, 0.124962, 0.0168772, 0.100838, 0.100467, 0.0266637, 0.583497, -0.0782907, -0.0561448, 0.140187, -0.00787454, 0.0668972, -0.116527, 0.128566, -0.0751727, -0.0517472, 0.0549813, -0.0184695, -0.109475, 0.04671, 0.040103, 0.150909, 0.0944974, -0.0611092, 0.143604, 0.107542, 0.051736, 0.0804725, 0.127499, -0.0022349, 0.0462996, -0.0268099, 0.143361, 0.0863868, 0.0684898, 0.0332635], [0.0308217, 0.0377266, -0.0282121, 0.0421463, -0.0114817, -0.110646, 0.00503496, -0.0214093, 0.0122582, -0.0385811, 0.0932774, -0.00380655, 0.0842964, -0.155162, -0.0700092, -0.0399876, -0.0498604, 0.0402436, -0.079496, 0.125969, -0.00665703, -0.0248629, 0.053908, 0.0424971, -0.0299235, 0.0815429, 0.142073, -0.0404277, -0.166867, -0.0327155, 0.14647, -0.0115596, 0.141558, -0.0148463, -0.0782907, 0.66791, -0.0488451, -0.0181209, 0.169527, 0.00973115, -0.038249, 0.0815213, -0.00976671, 0.0708534, -0.0789842, 0.0637072, 0.0957068, -0.0842323, 0.111387, -0.112246, -0.0399449, 0.00325894, 0.187114, -0.000535637, -0.00444585, 0.0581634, 0.0490663, -0.0152693, -0.174432, 0.0656279, 0.185325, -0.10422, -0.00616849, -0.0324888], [0.041434, -0.054426, 0.0331609, -0.0400576, -0.00435501, 0.0446594, -0.0510325, 0.0865616, 0.0259975, 0.000215012, 0.0150829, -0.00478296, -0.100751, -0.00129867, -0.150508, 0.147582, -0.0214037, 0.142969, 0.0108034, 0.0417371, 0.0542747, 0.10461, -0.0967598, -0.0171914, 0.196481, -0.115466, 0.0611006, 0.0674328, -0.0104018, -0.14936, 0.0791114, 0.0450256, 0.148694, 0.0133892, -0.0561448, -0.0488451, 0.675805, -0.15265, 0.124972, -0.12665, -0.229652, 0.05796, -0.0446208, -0.0199276, -0.128509, -0.0142585, -0.119437, 0.0245924, 0.00318004, -0.229736, -0.0679447, 0.105057, 0.157295, -0.0159078, -0.0392198, 0.0139635, -0.051347, -0.092963, -0.115127, 0.0323474, 0.140921, -0.144895, -0.0343771, -0.105279], [-0.0353298, 0.022452, -0.0144425, 0.0162922, 0.0259513, 0.107637, -0.0334344, -0.0311048, -0.025976, 0.100963, -0.0654389, 0.257633, 0.161526, 0.00875555, 0.0118473, -0.1039, -0.128395, -0.0656858, 0.0650753, -0.129429, 0.0706117, 0.231053, 0.104786, 0.0995183, -0.197393, 0.107137, -0.0314932, -0.258437, 0.071032, 0.0876851, 0.0323448, 0.064515, -0.0272798, 0.0742998, 0.140187, -0.0181209, -0.15265, 0.74554, 0.0393473, 0.055428, 0.112601, 0.184937, 0.124007, 0.144612, 0.0856828, -0.0741362, 0.0573758, 0.0283843, -0.0957366, 0.188275, 0.0422711, 0.102489, -0.0297358, 0.059823, -0.0300967, 0.0216504, -0.0525115, 0.140315, 0.24352, 0.0827038, -0.0221395, -0.065727, 0.0100424, 0.0197838], [0.0380181, -0.0100375, 0.0342316, 0.00907762, -0.0240819, -0.0634605, -0.0382321, 0.031521, 0.0454229, -0.0684117, -0.0220498, -0.0653485, 0.0304291, -0.147503, -0.0130631, 0.0556819, 0.0394167, 0.225978, -0.176475, -0.028604, 0.0519709, 0.0665381, -0.00877349, 0.126684, 0.0459638, -0.0800666, -0.0356607, -0.0687849, -0.0284316, -0.0739965, -0.0280879, -0.0576453, 0.166507, 0.129125, -0.00787454, 0.169527, 0.124972, 0.0393473, 0.614416, -0.0626944, -0.287401, 0.2252, -0.179011, 0.0984388, -0.0600675, -0.0218489, 0.156086, 0.0432956, 0.103921, -0.0464762, -0.0823531, 0.108555, 0.279764, -0.120641, 0.0863396, 0.0956888, 0.0673031, -0.0453662, -0.0896587, -0.0374104, -0.151053, -0.0493, -0.0865363, -0.0888393], [-0.00521013, 0.0136323, -0.0323085, 0.0207926, 0.0323654, -0.0232822, 0.0828501, 0.0405553, 0.00556897, 0.18253, -0.084797, -0.108233, -0.0898807, 0.11314, -0.0163861, 0.0722574, -0.0424495, -0.0263476, -0.134856, 0.125998, -0.0746024, -0.0683385, -0.108414, -0.0440065, -0.00251577, 0.0357409, -0.0724974, 0.0267107, 0.0576614, 0.135199, -0.014397, 0.110374, 0.0367525, -0.0092552, 0.0668972, 0.00973115, -0.12665, 0.055428, -0.0626944, 0.430548, -0.0672866, -0.0206825, 0.00994394, -0.105467, 0.101613, 0.0306866, -0.14299, -0.02772, -0.0777089, 0.151175, 0.0419982, -0.0249577, 0.0237279, -0.0303391, 0.119095, -0.0368236, 0.0627181, -0.0441101, -0.00238793, -0.104685, 0.0234317, 0.0485472, 0.139085, -0.137685], [-0.0887763, 0.0964733, -0.000393142, 0.0137716, 0.0641553, 0.141067, -0.0124091, -0.12896, -0.0679934, 0.175088, 0.0230382, 0.366144, 0.232167, 0.172158, -0.00830251, -0.120432, 0.0455216, -0.213777, 0.29622, -0.208797, -0.0294816, 0.289274, 0.240764, 7.36251e-05, -0.239186, 0.397804, -0.173281, -0.156769, 0.0158777, 0.0224228, 0.121313, 0.084297, -0.471036, -0.0911171, -0.116527, -0.038249, -0.229652, 0.112601, -0.287401, -0.0672866, 1.12175, -0.254604, 0.325545, 0.0242689, 0.170967, 0.0070035, 0.14389, -0.0259989, -0.0515707, 0.053942, 0.142222, -0.0247206, -0.255767, 0.108658, -0.122297, -0.540536, -0.231132, 0.34562, 0.360916, -0.0637313, 0.0698664, -0.00221525, -0.112287, 0.265398], [0.0810821, -0.0294863, -0.0280645, -0.00381567, -0.0315176, -0.0259515, -0.16811, -0.0351275, 0.0125914, -0.0360468, -0.0119407, -0.0329541, 0.0260709, -0.117173, -0.0522503, 0.0400645, 0.143572, 0.084298, -0.16104, 0.186575, 0.0747568, 0.0670801, -0.0791802, -0.0017574, 0.0998926, -0.0222348, 0.028857, -0.0853963, 0.055415, -0.0731418, -0.000232603, -0.0611746, 0.310331, -0.0137238, 0.128566, 0.0815213, 0.05796, 0.184937, 0.2252, -0.0206825, -0.254604, 0.678237, -0.0788589, -0.00967529, -0.106559, 0.00141922, -0.171254, 0.0310445, 0.139305, -0.00347089, -0.0443772, 0.0259811, 0.277201, -0.00911153, 0.228174, 0.176463, 0.140714, -0.140514, -0.0499362, 0.0512223, 0.0379333, -0.1055, 0.0146513, -0.157641], [-0.112998, 0.0130088, -0.00617074, -0.0277901, 0.0476616, -0.0482389, 0.0472191, -0.117139, -0.0149299, 0.150636, -0.00704472, 0.0517056, 0.137113, 0.0313878, -0.118281, -0.0615891, -0.0315406, -0.0522725, -0.0327414, -0.0555141, -0.0696056, 0.139618, -0.0298291, 0.0833201, -0.0480841, 0.149626, -0.0721276, -0.0155798, 0.140216, 0.0885404, -0.0108723, 0.106158, -0.136592, 0.0102035, -0.0751727, -0.00976671, -0.0446208, 0.124007, -0.179011, 0.00994394, 0.325545, -0.0788589, 0.712855, 0.0815611, 0.194689, 0.0223758, 0.0319914, 0.0117773, -0.135162, 0.004248, 0.0509766, 0.0833356, -0.116, 0.0443128, -0.119169, -0.182719, -0.107828, 0.0932681, 0.0266603, 0.094673, -0.096985, -0.217923, -0.0679312, 0.0631598], [-0.00211413, 0.0603647, -0.0118603, 0.0470779, 0.00660888, -0.0119578, 0.0465584, -0.0196955, -0.0229954, -0.0792522, 0.00855335, 0.120776, 0.117867, -0.0746139, -0.044874, -0.0170069, 0.00439407, -0.0403142, 0.0905694, -0.333273, 0.0671397, 0.106299, 0.0584765, 0.0722155, -0.229372, -0.07719, -0.00905917, -0.00709467, 0.0710064, -0.107939, -0.0738098, -0.0974687, 0.0799193, 0.0621098, -0.0517472, 0.0708534, -0.0199276, 0.144612, 0.0984388, -0.105467, 0.0242689, -0.00967529, 0.0815611, 0.532555, -0.0436047, 0.0771992, 0.130507, 0.032904, 0.0334186, 0.0833992, -0.0833689, 0.0588972, 0.0436005, 0.103145, -0.174008, -0.0515307, -0.0367961, 5.3297e-05, -0.0302979, 0.0824444, -0.0649141, 0.00471233, -0.101211, 0.0551314], [-0.0960942, 0.0426432, 0.0204412, -0.0196048, 0.0578498, -0.0904918, 0.0912713, -0.00313938, -0.0362105, 0.218677, -0.0738082, -0.0359557, 0.124156, 0.0886067, 0.0130866, 0.0194764, -0.117759, -0.147665, -0.0859854, -0.172338, -0.0106928, -0.00047394, -0.19079, 0.12321, 0.04596, 0.140913, -0.180248, -0.100159, 0.128936, 0.190022, 0.056881, 0.144245, -0.290165, 0.102623, 0.0549813, -0.0789842, -0.128509, 0.0856828, -0.0600675, 0.101613, 0.170967, -0.106559, 0.194689, -0.0436047, 0.696367, -0.0410382, 0.0694136, 0.0601943, -0.19092, 0.0803552, 0.0447839, 0.0371983, -0.138011, 0.0234626, -0.0595376, -0.218559, -0.0013875, 0.133228, 0.115607, 0.100002, -0.183778, -0.0997166, -0.0316141, 0.115614], [0.00950415, 0.0535142, -0.0547249, 0.0187107, 0.0340263, 0.0213567, 0.0077816, -0.040877, -0.00393991, 0.0402919, -0.172229, 0.00730244, -0.144559, -0.0454486, -0.0905198, -0.0260891, 0.0517801, 0.0169761, -0.134285, 0.0114293, 0.0580789, -0.0434576, -0.049389, 0.032846, 0.0401586, -0.09915, -0.0839997, 0.0880548, 0.0476111, -0.0222339, 0.00074669, -0.0587217, 0.0872807, 0.00413125, -0.0184695, 0.0637072, -0.0142585, -0.0741362, -0.0218489, 0.0306866, 0.0070035, 0.00141922, 0.0223758, 0.0771992, -0.0410382, 0.660425, -0.0431231, 0.0301272, 0.097527, -0.116024, -0.0196144, -0.108374, 0.022094, 0.0209561, 0.0467075, -0.0206177, 0.150637, -0.0886555, -0.0904783, 0.00571919, -0.140974, 0.125085, 0.211312, 0.0078922], [-0.105145, 0.0674823, 0.0323132, 0.00305874, 0.025052, -0.0692447, 0.0450794, -0.0761843, 0.00675968, -0.0190676, 0.0715339, 0.141045, 0.252512, -0.0401589, 0.051024, -0.14355, -0.0833277, 0.0789665, 0.0717982, -0.196767, 0.00868127, 0.0757281, 0.0766088, 0.0727559, -0.0863668, 0.125798, -0.0918238, -0.00346368, -0.062926, 0.109805, 0.0481735, -0.0182834, -0.233492, 0.0479898, -0.109475, 0.0957068, -0.119437, 0.0573758, 0.156086, -0.14299, 0.14389, -0.171254, 0.0319914, 0.130507, 0.0694136, -0.0431231, 0.799323, -0.101123, 0.0208604, 0.0409727, -0.157146, 0.112458, -0.183407, -0.0930855, -0.252407, -0.0763343, -0.0615595, 0.297266, 0.0107796, 0.0282375, -0.177953, -0.096178, -0.076614, 0.186602], [-0.0149847, -0.0219206, -0.0247508, -0.0326316, -0.0202909, 0.029408, 0.000645059, 0.10054, 0.00714999, -0.124438, -0.0285208, 0.0420994, 0.00661192, 0.030161, -0.0728737, 0.138188, -0.0715809, -0.00836436, -0.162768, -0.0325562, -0.0404689, -0.0499368, 0.0728069, 0.000922223, -0.0435479, -0.00785883, 0.210691, -0.207526, 0.0736332, 0.0119084, -0.0266124, 0.112789, -0.00854426, 0.0502185, 0.04671, -0.0842323, 0.0245924, 0.0283843, 0.0432956, -0.02772, -0.0259989, 0.0310445, 0.0117773, 0.032904, 0.0601943, 0.0301272, -0.101123, 0.633167, -0.0310037, 0.0862429, 0.101273, 0.0983124, -0.104342, -0.0741421, -0.00280668, -0.0354784, -0.00401272, -0.0233719, 0.0990185, -0.0386592, -0.0781591, 0.0859383, 0.0216105, -0.0465833], [0.0137115, -0.012063, -0.021226, 0.0169872, -0.0224536, -0.0911662, -0.0361013, -0.0748588, 0.00525208, -0.105379, 0.0123503, -0.0737351, 0.0607948, -0.0222529, 0.00869908, -0.0828431, 0.150365, 0.0625675, -0.0080872, 0.0548159, 0.0618471, -0.0158583, 0.129524, -0.0325794, -0.0116072, -0.0625085, 0.0945643, -0.027311, 0.0281469, -0.00439692, -0.0515345, -0.0175518, 0.090223, 0.0200966, 0.040103, 0.111387, 0.00318004, -0.0957366, 0.103921, -0.0777089, -0.0515707, 0.139305, -0.135162, 0.0334186, -0.19092, 0.097527, 0.0208604, -0.0310037, 0.485166, -0.0521916, -0.0236422, 0.0778502, 0.19079, 0.0818762, -0.0686782, 0.0918197, 0.0182012, -0.0788311, -0.0478529, -0.0113175, 0.0477489, 0.0320852, -0.0724481, -0.0351093], [-0.0437518, 0.0338004, -0.0923863, 0.0274686, -0.0344228, -0.0419235, 0.0846672, 0.033753, -0.0123209, -0.037369, 0.197437, -0.0309262, 0.0596306, 0.182321, 0.0604351, 0.0525261, -0.0209089, -0.0492669, 0.0360844, 0.0112696, -0.123975, -0.0677208, 0.029981, -0.112403, -0.202451, 0.0887932, -0.0220922, -0.0584717, 0.192436, 0.103586, -0.0140702, 0.0481285, -0.279491, 0.0246375, 0.150909, -0.112246, -0.229736, 0.188275, -0.0464762, 0.151175, 0.053942, -0.00347089, 0.004248, 0.0833992, 0.0803552, -0.116024, 0.0409727, 0.0862429, -0.0521916, 0.714262, -0.043451, 0.0844225, 0.0278581, 0.0258799, 0.0183385, -0.0369873, -0.00291024, 0.0768023, 0.151443, -0.0815127, -0.0450501, 0.133417, -0.0807761, 0.0210485], [-0.0302375, -0.0060985, 0.0567994, 0.0162387, -0.0202923, 0.0925877, 0.0142778, 0.043741, -0.0222362, -0.00448151, -0.0233704, -0.000508646, -0.091097, 0.0581173, 0.140422, 0.0451703, 0.000565794, -0.0825653, -0.162056, 0.0487582, -0.0581738, -0.0725594, 0.10991, 0.0133777, -0.102449, -0.0969262, -0.0272829, -0.0612355, -0.0229948, 0.0282378, -0.0333815, 0.00879068, 0.0615206, -0.0536295, 0.0944974, -0.0399449, -0.0679447, 0.0422711, -0.0823531, 0.0419982, 0.142222, -0.0443772, 0.0509766, -0.0833689, 0.0447839, -0.0196144, -0.157146, 0.101273, -0.0236422, -0.043451, 0.650105, -0.0841214, -0.0969211, -0.0229298, 0.0524692, -0.0969723, -0.0687785, 0.0927801, 0.22084, 0.00889251, 0.192028, 0.159003, -0.0715755, -0.0326329], [-0.0417403, 0.0114477, -0.026325, 0.0107535, -8.69527e-05, -0.129093, 0.0228925, -0.0676342, -0.0101016, 0.0222472, 0.147159, 0.0270226, 0.23204, 0.0488318, -0.175466, -0.080758, 0.235303, -0.00145389, -0.0754025, -0.066079, -0.0251944, 0.132328, 0.158904, 0.0773908, -0.0155773, 0.18861, 0.128348, -0.0511377, 0.137497, 0.163281, 0.0380795, 0.187103, -0.131401, 0.165493, -0.0611092, 0.00325894, 0.105057, 0.102489, 0.108555, -0.0249577, -0.0247206, 0.0259811, 0.0833356, 0.0588972, 0.0371983, -0.108374, 0.112458, 0.0983124, 0.0778502, 0.0844225, -0.0841214, 0.725293, -0.15952, 0.235614, -0.117204, -0.104275, -0.0169439, 0.134668, 0.163759, 0.0924483, -0.105165, 0.0220568, -0.0697343, 0.0766735], [0.0191018, -0.130367, -0.00044345, -0.0464403, -0.0108071, -0.122168, -0.0722557, 0.00877208, 0.0431786, -0.0160849, -0.10221, -0.232836, -0.0940144, -0.22031, -0.00960578, 0.0473269, 0.123095, 0.211225, 0.0772215, 0.095403, 0.151228, -0.143724, -0.332604, 0.0166848, 0.0416026, -0.164775, -0.0780191, 0.16302, 0.0099976, -0.268681, 0.0499478, 0.0692739, 0.220392, -0.0342108, 0.143604, 0.187114, 0.157295, -0.0297358, 0.279764, 0.0237279, -0.255767, 0.277201, -0.116, 0.0436005, -0.138011, 0.022094, -0.183407, -0.104342, 0.19079, 0.0278581, -0.0969211, -0.15952, 1.06058, -0.0519763, 0.0427853, 0.155651, 0.0769365, -0.340367, -0.201194, -0.168875, 0.0153149, -0.116524, 0.0961546, -0.204421], [-0.0233434, 0.0236552, -0.039027, 0.0433751, 0.0108858, -0.0438359, -0.000193139, -0.109823, -0.0852824, 0.0126537, 0.118863, 0.0508423, 0.0961565, 0.0891382, -0.0292728, -0.130024, 0.109226, -0.259617, 0.110917, -0.115666, 0.188977, 0.198437, 0.0741259, 0.0368262, 0.00995593, 0.0802388, 0.0397869, -0.0629004, 0.0953905, 0.093663, -0.0218444, 0.115286, -0.0053162, 0.12892, 0.107542, -0.000535637, -0.0159078, 0.059823, -0.120641, -0.0303391, 0.108658, -0.00911153, 0.0443128, 0.103145, 0.0234626, 0.0209561, -0.0930855, -0.0741421, 0.0818762, 0.0258799, -0.0229298, 0.235614, -0.0519763, 0.616662, -0.103499, -0.125064, -0.0379141, -0.0159923, 0.141854, 0.124929, 0.0300506, 0.00897925, 0.0411123, 0.046595], [0.0870351, -0.0455946, 0.0758931, -0.0133047, -0.00869293, -0.0200755, -0.101219, -0.0186797, 0.0241139, 0.0761728, -0.0712532, -0.0791566, -0.0935663, -0.165006, -0.0184901, 0.0378613, 0.0918826, 0.0406269, -0.191219, 0.340881, -0.14257, -0.0930181, -0.142289, -0.0190774, 0.195482, -0.0835078, 0.0354871, 0.0968746, 0.0228217, -0.0414833, -0.135419, -0.178377, 0.180304, -0.04986, 0.051736, -0.00444585, -0.0392198, -0.0300967, 0.0863396, 0.119095, -0.122297, 0.228174, -0.119169, -0.174008, -0.0595376, 0.0467075, -0.252407, -0.00280668, -0.0686782, 0.0183385, 0.0524692, -0.117204, 0.0427853, -0.103499, 0.760882, 0.0900809, 0.420826, -0.109361, -0.168354, -0.0237877, 0.100351, 0.0792508, 0.107022, -0.178584], [0.0791692, -0.0674187, 0.0329677, -0.0119529, -0.0615284, -0.0227192, 0.0239456, 0.0610801, 0.0405093, -0.238276, 0.0519016, -0.190505, -0.203414, -0.0596342, 0.163793, 0.0152056, -0.0430541, 0.117615, -0.0624727, 0.130687, 0.0379345, -0.262719, 0.00981246, -0.0809453, 0.154533, -0.173438, 0.0826642, -0.040228, -0.0482771, -0.0946269, -0.217872, -0.107868, 0.190501, 0.038287, 0.0804725, 0.0581634, 0.0139635, 0.0216504, 0.0956888, -0.0368236, -0.540536