{"inv_metric": [[0.179795, 0.0190524, -0.0062102, 0.0290363, -0.0118005, 0.014604, 0.0104139, -0.028545, -0.013029, -0.0404045, -0.039886, -0.0135819, -0.0449812, 0.0928591, 0.082463, -0.014374, 0.0785765, -0.04903, -0.0481728, -0.074126, 0.0143952, -0.0157097, -0.0480278, -0.043883, 0.0116289, 0.0109137, -0.100319, 0.0728012, -0.00491438, -0.00681481, 0.0903635, 0.05468, 0.0167693, 0.00793264, -0.0662492, 0.073139, 0.00246756, 0.0144787, 0.0012361, -0.0580584, 0.0187921, 0.09546, 0.00164434, 0.0166672, 0.00813679, 0.00297198, 0.000978148, 0.0287209, -0.0140621, 0.017844, -0.00375235, 0.0425406, -0.0724177, 0.036905, -0.0395851, 0.0598988, -0.0413063, -0.043351, 0.0555538, 0.0352424, 0.0260503, 0.0546899, -0.0621555, -0.0604436], [0.0190524, 0.0975676, 0.011477, 0.0602674, 0.00217351, 0.0066397, -0.0256206, -0.000172132, 0.000387026, 0.0469372, 0.041081, 0.022678, 0.00425948, 0.00683012, 0.00867685, 0.0465432, 0.0345038, 0.00571532, 0.0119311, 0.0280913, 0.0262776, 0.0372243, -0.0128479, -0.0423596, -0.0304492, 0.0328556, -0.00905636, 0.0315743, -0.0479143, 0.031979, 0.0417788, 0.0642516, 0.00788227, 0.00782127, -0.019226, 0.00573271, 0.024856, -0.0199715, -0.000226824, -0.0438156, 0.00163819, -0.0399087, 0.0483132, -0.00248296, 0.0558467, 0.0470389, 0.00367276, 0.0112797, -0.0248788, 0.0302622, 0.000410048, -0.0184888, 0.0148803, 0.00963636, 0.0183408, -0.0439531, 0.0144827, 0.0639766, 0.0374934, 0.0232479, -0.0253395, -0.0182535, -0.0149622, 0.0632049], [-0.0062102, 0.011477, 0.221756, -0.0051246, 0.00884901, 0.0160353, 0.0154805, 0.0255925, -0.00684482, 0.0574532, -0.0264505, 0.0510766, 0.0189254, -0.00463675, -0.0691637, 0.0631028, 0.0133642, 0.00486777, 0.0407558, 0.0348575, -0.0698032, 0.066648, 0.025389, 0.00855106, -0.0213286, -0.0173571, -0.0194708, 0.02458, -0.0365809, -0.0363702, 0.00977319, 0.00158341, -0.0264422, 0.0320586, 0.0217786, 0.0621854, -0.0366556, 0.0460082, -0.0288412, 0.0314459, 0.0126539, -0.0504823, 0.0166698, -0.000859322, -0.04139, -0.00507708, -0.152107, 0.0544073, -0.0384253, -0.0593596, 0.0319722, -0.0404851, -0.0527227, 0.0290609, 0.0340173, -0.0693018, 0.0274114, -0.0868241, 0.0820626, 0.0341122, 0.0494544, -0.0524512, 0.173311, 0.00435183], [0.0290363, 0.0602674, -0.0051246, 0.0991972, -0.0100258, 0.0265651, -0.0237076, -0.0318491, 0.00257294, -0.0218562, 0.019441, 0.0653593, 0.0383127, -0.0106871, -0.0259822, -0.0604164, 0.0149178, -0.00516868, -0.0269425, 0.014855, -0.0285451, 0.0879513, -0.000952052, 0.0303732, -0.0288177, 0.0272636, -0.0388028, 0.0203872, -0.0368322, 0.0143402, 0.0170262, -0.0221326, -0.00951138, -0.0200774, 0.046075, -0.0112623, 0.00272693, 0.0188915, 0.000263325, -0.0257759, -0.0206484, -0.0946721, -0.00335229, 0.018263, 0.00564572, 0.0504277, -0.0278162, -0.00664403, 0.0279785, 0.0504778, -0.0480707, 0.000974653, 0.0203378, -0.00078719, -0.03128, -0.0243925, -0.0351323, -0.047838, 0.0124433, 0.0318348, -0.00274811, 0.0146815, -0.0404156, -0.0257924], [-0.0118005, 0.00217351, 0.00884901, -0.0100258, 0.0608873, 0.00917689, -0.0286736, 0.00027543, -0.00361103, 0.201784, -0.0313426, 0.00761312, 0.000232851, -0.0285314, 0.00596836, 0.00295215, -0.0390808, -0.00388227, -0.0100782, -0.0371982, -0.0026945, 0.0272864, 0.0151694, 0.00528311, -0.00351712, -0.0383703, 0.00293212, 0.0418906, 0.00452993, -0.0468344, -0.0458454, 0.0172145, 0.00108277, 0.029023, 0.00250701, -0.00570732, 0.0129808, -0.0251525, -0.0356664, 0.0330619, -0.0139789, 0.0196291, 0.0212643, -0.0185567, -0.010635, 0.0148547, 0.0148569, -0.00408798, -0.00396755, -0.0443259, -0.0303581, -0.0234838, 0.0336961, 0.0122872, 0.0221424, -0.0181229, -0.0330415, -0.00244206, 0.000700638, -0.0174019, -0.0747138, -0.0227034, -0.00779354, 0.00660219], [0.014604, 0.0066397, 0.0160353, 0.0265651, 0.00917689, 0.214319, -0.0544869, -0.00904759, 0.00104737, 0.0588521, 0.00603084, 0.275841, 0.0162861, -0.0553213, -0.00862156, -0.012662, -0.0345607, 0.00621622, -0.0357633, -0.00414989, -0.0966052, 0.0800516, 0.125572, 0.0199298, 0.0657937, -0.0168567, -0.0875554, 0.0364551, 0.0136429, -0.0990326, -0.028583, -0.0854919, 0.0156728, 0.0480931, 0.0158556, -0.00812109, -0.0429935, 5.37273e-05, 0.0458721, -0.0498418, -0.00646718, -0.0780708, -0.0187234, 0.0305866, -0.0768116, 0.0332021, -0.0819868, 0.0350574, 0.0464525, -0.00776028, -0.142888, -0.0179054, 0.0753775, -0.00921314, 0.0104143, -0.0630827, -0.0355895, -0.150841, 0.0102796, 0.025053, -0.0192665, 0.0197996, 0.112708, -0.0753171], [0.0104139, -0.0256206, 0.0154805, -0.0237076, -0.0286736, -0.0544869, 0.345597, -0.00672437, -0.0146435, -0.096382, -0.0309882, 0.0358922, 0.0876383, 0.262384, -0.0998696, -0.00321882, 0.0581285, -0.0396, 0.0556018, 0.00865553, -0.0381983, -0.136503, -0.0448998, 0.0901419, 0.105457, -0.0152521, 0.0131254, -0.0380613, -0.0499226, 0.0132608, -0.0988463, 0.0482871, 0.0875776, 0.0153037, -0.0609402, -0.0251445, -0.0879577, -0.114945, -0.0553299, -0.018995, -0.169855, -0.0103522, 0.0640867, 0.101644, 0.0226871, 0.0526381, -0.054591, 0.0389093, -0.0591106, 0.0336756, 0.143676, 0.0110799, 0.0190053, 0.0802945, 0.0682927, -0.0372497, 0.126266, -0.00810083, 0.00627106, -0.117964, 0.0688299, -0.0995838, 0.0565667, 0.0591021], [-0.028545, -0.000172132, 0.0255925, -0.0318491, 0.00027543, -0.00904759, -0.00672437, 0.187568, -0.00650516, 0.0325603, 0.0247053, -0.0419811, -0.0423336, -0.0026276, 0.0744339, 0.293749, 0.0501584, -0.0240656, 0.0361325, -0.0467548, 0.159872, -0.018161, -0.0796855, -0.0150113, 0.0339264, -0.00662309, -0.0216071, -0.04221, -0.072732, 0.0364181, 0.0131264, 0.167489, -0.0205633, -0.0292147, -0.0330685, -0.0176374, -0.00229225, -0.103956, -0.00693486, 0.0934223, -0.0213263, -0.000784231, -0.0742367, -0.0525704, 0.0161996, 0.0108425, 0.0482425, 0.0346549, -0.0861298, -0.0387777, 0.177319, -0.0162995, -0.0699963, 0.100433, 0.0134742, 0.0639757, 0.0870738, 0.0218735, -0.0415712, 0.0387141, -0.00848374, -0.0426554, 0.0788204, -0.0217997], [-0.013029, 0.000387026, -0.00684482, 0.00257294, -0.00361103, 0.00104737, -0.0146435, -0.00650516, 0.021609, -0.0244417, 0.00329005, 0.0243509, 0.0215744, -0.0364111, 0.00144323, -0.0213249, -0.0312697, 0.0697591, -0.037219, 0.00822303, -0.0101352, -0.000413226, 0.0291127, -0.00536742, -0.00439872, -0.00379559, -0.00205283, -0.0151729, -0.0149837, 0.0106555, 0.0208357, -0.00421538, -0.00076189, 0.0121006, 0.0381455, -0.0235134, 0.0444564, 0.024255, 0.0260996, 0.00244788, -0.0119413, -0.0328718, -0.00724514, -0.00495095, -0.0342166, 0.00627212, -0.0323214, 0.0125514, 0.0251465, 0.00874026, -0.0246757, 0.00633511, 0.00841193, -0.0804298, -0.0319486, 0.0110745, 0.00682998, -0.0183335, -0.0182587, -0.0108798, 0.028744, 0.0299212, 0.00422025, 0.0176402], [-0.0404045, 0.0469372, 0.0574532, -0.0218562, 0.201784, 0.0588521, -0.096382, 0.0325603, -0.0244417, 0.944633, 0.0368961, 0.104403, 0.0390297, -0.104648, -0.0385794, 0.105336, -0.0812453, -0.0473371, 0.0713996, 0.0383504, 0.0335394, 0.100305, 0.0384305, -0.0112342, -0.0740983, -0.15095, 0.0423016, 0.129734, 0.134181, -0.112444, -0.182703, 0.126977, 0.0224618, 0.0853738, 0.014721, -0.0896171, 0.0809132, -0.13924, -0.223408, 0.19177, -0.025863, -0.0608549, 0.107125, -0.063297, 0.0180057, 0.0204827, -0.0270706, -0.0856648, -0.0807958, -0.0988459, -0.0305112, -0.10498, 0.106033, 0.120848, 0.136026, -0.156944, -0.0113646, 0.00119106, 0.0559609, -0.0430374, -0.269301, -0.154597, 0.0308755, 0.0842901], [-0.039886, 0.041081, -0.0264505, 0.019441, -0.0313426, 0.00603084, -0.0309882, 0.0247053, 0.00329005, 0.0368961, 0.646367, 0.065611, 0.0205204, -0.098693, 0.0837519, 0.0274361, -0.0463959, 0.0302701, 0.0341243, 0.108042, -0.026827, -0.0732364, 0.0321246, 0.0196742, 0.0655099, 0.0246676, 0.016477, -0.0363242, 0.0729961, 0.019665, -0.0844903, 0.0572654, 0.0961867, -0.00337553, 0.0935347, -0.151221, 0.100511, -0.0809428, -0.0535293, -0.096354, 0.124711, -0.0579054, 0.0987989, 0.0922677, 0.0490355, 0.0274422, -0.0547902, -0.0882287, 0.00843304, 0.0603878, 0.0207989, -0.0681688, -0.0862581, 0.0496806, 0.043931, 0.0206343, 0.1017, 0.0284055, 0.0245953, 0.0728097, 0.229165, -0.048659, 0.0884366, -0.0535475], [-0.0135819, 0.022678, 0.0510766, 0.0653593, 0.00761312, 0.275841, 0.0358922, -0.0419811, 0.0243509, 0.104403, 0.065611, 0.805105, 0.473837, -0.136302, -0.0854499, -0.0905498, -0.112358, 0.111957, -0.0447791, 0.0962939, -0.17395, 0.0571841, 0.140552, 0.0975835, 0.150288, 0.0371152, -0.0737745, -0.000246927, 0.0958796, -0.146054, -0.175077, -0.120947, 0.068175, 0.0373805, 0.195291, -0.0869055, 0.0636676, -0.0168149, 0.0787704, -0.0426587, -0.12874, -0.310855, -0.00238393, 0.0820059, -0.171646, 0.171254, -0.230879, 0.115032, 0.165843, -0.0239973, -0.249965, 0.0300689, 0.270026, -0.122642, -0.0428633, -0.115383, 0.061216, -0.295561, -0.120494, 0.0441979, 0.0784961, 0.0523118, 0.179646, -0.117006], [-0.0449812, 0.00425948, 0.0189254, 0.0383127, 0.000232851, 0.0162861, 0.0876383, -0.0423336, 0.0215744, 0.0390297, 0.0205204, 0.473837, 0.516204, -0.0824277, -0.115488, -0.114013, -0.12184, 0.0830834, -0.0511744, 0.104224, -0.0342575, -0.0213529, 0.0481333, 0.121775, 0.0385563, 0.0563361, 0.0568869, 0.00120221, 0.0800565, -0.0376451, -0.165061, -0.0367757, 0.0100062, -0.0265637, 0.167486, -0.0975349, 0.117993, 0.00675545, 0.0422095, 0.037817, -0.112309, -0.161422, -0.00305001, -0.00264228, -0.0971688, 0.0817244, -0.130942, 0.0419703, 0.11857, -0.0222439, -0.109645, 0.0875279, 0.255612, -0.116767, -0.0671353, -0.0367559, 0.0270847, -0.117824, -0.135846, -0.0197108, 0.017689, 0.0549312, -0.0362771, -0.00503203], [0.0928591, 0.00683012, -0.00463675, -0.0106871, -0.0285314, -0.0553213, 0.262384, -0.0026276, -0.0364111, -0.104648, -0.098693, -0.136302, -0.0824277, 0.722383, 0.054999, -0.00187355, 0.0471051, -0.110054, 0.126808, -0.0633485, 0.00164683, 0.0962412, -0.102944, -0.324664, -0.0846407, 0.0347418, -0.015967, 0.0480019, -0.168028, 0.0309038, 0.0999611, 0.136007, -0.00375063, 0.0482668, -0.133091, 0.100574, -0.212942, -0.183763, -0.0125699, 0.0121771, -0.118293, 0.236398, 0.172642, 0.0420493, 0.208861, 0.0673966, 0.048443, -0.0278942, -0.045973, 0.182966, 0.220227, 0.0947547, 0.0384417, 0.201366, 0.19036, -0.0437649, -0.0125891, 0.0719426, 0.159044, -0.0708127, -0.000184385, -0.158055, 0.00906616, -0.0355231], [0.082463, 0.00867685, -0.0691637, -0.0259822, 0.00596836, -0.00862156, -0.0998696, 0.0744339, 0.00144323, -0.0385794, 0.0837519, -0.0854499, -0.115488, 0.054999, 0.852811, 0.132452, 0.242102, -0.0240508, -0.021106, -0.235266, 0.195333, -0.291675, -0.115971, -0.141187, 0.039925, 0.00742116, -0.183312, 0.0276907, -0.117664, 0.0429802, 0.141764, 0.305106, -0.0600823, -0.00790515, -0.0427629, 0.145967, 0.0934467, -0.0102415, 0.0534749, -0.0702447, 0.0208278, 0.297138, -0.0368318, 0.0368097, 0.118722, -0.0411537, 0.214954, 0.00716118, -0.0528228, 0.043863, 0.206748, 0.0226513, -0.120739, 0.0920149, -0.0407687, 0.296129, 0.00360508, 0.0881713, -0.0137754, 0.281669, 0.0734815, 0.229901, -0.267541, -0.0996357], [-0.014374, 0.0465432, 0.0631028, -0.0604164, 0.00295215, -0.012662, -0.00321882, 0.293749, -0.0213249, 0.105336, 0.0274361, -0.0905498, -0.114013, -0.00187355, 0.132452, 0.593396, 0.250027, -0.0693203, 0.14566, -0.0789653, 0.273827, -0.0755922, -0.1289, -0.0476871, 0.0182958, 0.0137515, -0.0512881, -0.0819162, -0.120742, 0.117365, 0.0393961, 0.319043, 0.0274875, -0.0530867, -0.162308, 0.0299488, 0.0032251, -0.165859, 0.0161323, 0.0822804, 0.040272, 0.00559975, -0.0826692, -0.052794, 0.0988902, 0.0020903, 0.0871021, 0.0799544, -0.210704, -0.0467639, 0.316603, -0.0185809, -0.173044, 0.188074, 0.0733039, 0.018674, 0.186994, 0.110638, -0.0273644, 0.0438511, -0.0303646, -0.0598552, 0.109935, 0.043627], [0.0785765, 0.0345038, 0.0133642, 0.0149178, -0.0390808, -0.0345607, 0.0581285, 0.0501584, -0.0312697, -0.0812453, -0.0463959, -0.112358, -0.12184, 0.0471051, 0.242102, 0.250027, 0.775924, -0.109773, 0.176387, -0.118583, 0.109746, -0.184003, -0.139671, 0.0277138, -0.0981182, 0.0340226, -0.0594914, -0.0642616, -0.0924787, 0.175615, 0.109672, 0.0993351, 0.0297406, -0.152051, -0.219983, 0.144756, -0.0826967, -0.00204989, 0.117256, -0.0424919, 0.0380887, -0.0386935, -0.125175, 0.100695, 0.252808, -0.0917694, 0.12957, 0.0216348, -0.168099, 0.0397886, 0.291067, 0.0285692, -0.334167, 0.136217, 0.064854, 0.0463972, 0.0889843, 0.120913, 0.0336586, 0.130636, 0.0797484, 0.112798, -0.103415, 0.0109321], [-0.04903, 0.00571532, 0.00486777, -0.00516868, -0.00388227, 0.00621622, -0.0396, -0.0240656, 0.0697591, -0.0473371, 0.0302701, 0.111957, 0.0830834, -0.110054, -0.0240508, -0.0693203, -0.109773, 0.329309, -0.0252489, 0.0338481, -0.0528455, -0.0393582, 0.101945, -0.069087, -0.061514, -0.0205145, 0.0801777, -0.0746418, -0.0298842, 0.0150192, 0.00641806, -0.0342389, -0.0267351, 0.0737438, 0.153691, -0.0739581, 0.147977, 0.0802919, 0.171496, -0.024206, -0.0404523, -0.0700857, 0.0142537, 0.0432114, -0.0797694, 0.0626353, -0.102319, 0.0759204, 0.172936, 0.0226753, -0.0939245, 0.0260959, -0.00746467, -0.24791, -0.0812625, 0.00584191, -0.00672264, -0.0826516, -0.0623082, -0.0487233, 0.140804, -0.00893289, 0.0647901, 0.0905742], [-0.0481728, 0.0119311, 0.0407558, -0.0269425, -0.0100782, -0.0357633, 0.0556018, 0.0361325, -0.037219, 0.0713996, 0.0341243, -0.0447791, -0.0511744, 0.126808, -0.021106, 0.14566, 0.176387, -0.0252489, 0.821893, 0.144071, 0.0386086, -0.00355859, -0.202193, -0.106848, -0.0850185, 0.00495664, 0.150051, -0.169734, 0.0624261, 0.0398729, -0.126472, 0.0572024, 0.127608, -0.111352, -0.011033, 0.0503819, 0.00484844, -0.035811, -0.119123, -0.0625753, 0.0390902, -0.0401258, 0.0820582, 0.100405, 0.130557, 0.0744239, 0.0552792, -0.0220188, -0.0414378, 0.0575453, 0.119948, -0.159939, -0.00514235, 0.110443, 0.254733, -0.141992, 0.172065, 0.0781107, -0.0496712, -0.0313822, 0.0407074, -0.0174035, 0.170613, -0.00460653], [-0.074126, 0.0280913, 0.0348575, 0.014855, -0.0371982, -0.00414989, 0.00865553, -0.0467548, 0.00822303, 0.0383504, 0.108042, 0.0962939, 0.104224, -0.0633485, -0.235266, -0.0789653, -0.118583, 0.0338481, 0.144071, 0.716116, -0.0117288, 0.0778547, 0.017511, -0.0347306, -0.0496431, 0.0884866, 0.109577, -0.0807099, 0.304981, 0.088597, -0.21117, -0.120018, 0.124745, -0.0672859, 0.0185049, -0.124279, 0.0351966, 0.063022, -0.160178, 0.0753276, -0.0727205, -0.235238, 0.0760794, -0.0195689, -0.00924702, -0.0643836, -0.0411413, -0.0379737, -0.0130992, 0.0416334, 0.1372, -0.157715, 0.0546296, 0.0564517, 0.0451928, -0.14884, 0.183929, -0.00608869, 0.0522796, -0.068302, 0.188963, -0.117001, 0.138164, 0.177098], [0.0143952, 0.0262776, -0.0698032, -0.0285451, -0.0026945, -0.0966052, -0.0381983, 0.159872, -0.0101352, 0.0335394, -0.026827, -0.17395, -0.0342575, 0.00164683, 0.195333, 0.273827, 0.109746, -0.0528455, 0.0386086, -0.0117288, 0.939392, -0.132679, -0.16462, -0.0938246, -0.000762117, 0.00949732, -0.0552966, 0.104803, 0.167196, 0.0929806, -0.0295156, 0.120624, 0.0952901, -0.171301, 0.0247002, 0.0269502, 0.105032, -0.210298, -0.0573618, 0.143816, -0.0461718, 0.133747, -0.16701, -0.047002, 0.168644, -0.130967, 0.274987, 0.00976854, -0.171346, 0.115922, 0.18981, -0.0381679, 0.144019, 0.0947504, -0.0819683, 0.0860437, 0.0499857, 0.0533268, -0.0946255, 0.032392, -0.0740999, 0.0290873, -0.185678, 0.0239536], [-0.0157097, 0.0372243, 0.066648, 0.0879513, 0.0272864, 0.0800516, -0.136503, -0.018161, -0.000413226, 0.100305, -0.0732364, 0.0571841, -0.0213529, 0.0962412, -0.291675, -0.0755922, -0.184003, -0.0393582, -0.00355859, 0.0778547, -0.132679, 0.859922, 0.00255787, 0.128028, -0.0349652, 0.00215089, -0.070941, 0.0691601, 0.0667304, -0.0335343, -0.0232046, -0.183826, 0.0362511, -0.0915334, -0.0101459, -0.0353946, -0.0164751, 0.00280081, -0.102412, 0.0694269, -0.0145685, -0.236701, -0.0397679, -0.0851212, -0.0906396, 0.158915, -0.283662, -0.0154417, -0.0467846, -0.00427854, -0.210922, 0.0756483, 0.0496178, -0.0792093, 0.0645286, -0.246795, -0.160371, -0.155354, -0.000873372, -0.0807591, -0.155102, 0.015784, 0.0914706, -0.158776], [-0.0480278, -0.0128479, 0.025389, -0.000952052, 0.0151694, 0.125572, -0.0448998, -0.0796855, 0.0291127, 0.0384305, 0.0321246, 0.140552, 0.0481333, -0.102944, -0.115971, -0.1289, -0.139671, 0.101945, -0.202193, 0.017511, -0.16462, 0.00255787, 1.01032, 0.101879, -0.138828, -0.11656, 0.10353, 0.0874151, -0.0941587, -0.133123, -0.0505043, -0.0916389, -0.152922, 0.149354, -0.0865946, 0.0801569, -0.0485465, 0.164675, 0.245293, -0.135085, 0.0739067, 0.16718, -0.0300526, -0.0424366, -0.0414267, -0.035762, -0.276552, -0.0123094, 0.202836, 0.00733444, -0.240545, -0.00154186, 0.109653, -0.180491, -0.147828, -0.120482, -0.32472, -0.148813, -0.0403544, -0.0129614, 0.0196479, 0.0745652, 0.117092, 0.0679247], [-0.043883, -0.0423596, 0.00855106, 0.0303732, 0.00528311, 0.0199298, 0.0901419, -0.0150113, -0.00536742, -0.0112342, 0.0196742, 0.0975835, 0.121775, -0.324664, -0.141187, -0.0476871, 0.0277138, -0.069087, -0.106848, -0.0347306, -0.0938246, 0.128028, 0.101879, 0.817787, 0.117819, -0.0876416, -0.0377611, 0.0466323, 0.0601194, -0.0408063, -0.264198, -0.0809266, 0.0367198, -0.131818, -0.0624497, -0.0649304, 0.0161666, -0.0118084, -0.0204196, -0.105271, 0.00338834, -0.12322, -0.155974, 0.0293979, -0.229338, 0.00768655, -0.193769, 0.0318387, -0.0755608, -0.126837, -0.0694481, 0.0347922, -0.0578012, -0.0784207, 0.0136597, -0.0627856, -0.0468205, -0.0910469, -0.0290173, -0.0702079, -0.0438139, 0.152932, -0.044339, 0.0893056], [0.0116289, -0.0304492, -0.0213286, -0.0288177, -0.00351712, 0.0657937, 0.105457, 0.0339264, -0.00439872, -0.0740983, 0.0655099, 0.150288, 0.0385563, -0.0846407, 0.039925, 0.0182958, -0.0981182, -0.061514, -0.0850185, -0.0496431, -0.000762117, -0.0349652, -0.138828, 0.117819, 0.891657, -0.0871812, -0.2455, -0.00638856, -0.00317584, -0.175843, -0.24534, 0.00894722, 0.247655, -0.0383798, -0.0940421, -0.235395, 0.104873, -0.0296989, -0.161496, -0.0971366, -0.0838345, -0.0720775, -0.116611, -0.0936, -0.229618, 0.0416529, -0.0593755, 0.237617, -0.159433, -0.226132, -0.0476488, -0.0561156, 0.0749492, 0.0597356, -0.0101392, 0.0742996, 0.218075, -0.110638, -0.207304, -0.0962253, -0.0111183, 0.0291961, 0.101455, -0.136465], [0.0109137, 0.0328556, -0.0173571, 0.0272636, -0.0383703, -0.0168567, -0.0152521, -0.00662309, -0.00379559, -0.15095, 0.0246676, 0.0371152, 0.0563361, 0.0347418, 0.00742116, 0.0137515, 0.0340226, -0.0205145, 0.00495664, 0.0884866, 0.00949732, 0.00215089, -0.11656, -0.0876416, -0.0871812, 0.5135, 0.0547525, -0.0720906, 0.0285045, 0.132336, 0.0699031, -0.0500145, -0.0991026, -0.173274, -0.0454003, -0.00329539, -0.0457013, -0.0107047, 0.00465979, -0.00705772, 0.0103852, -0.0657389, 0.142589, 0.0728769, 0.0555116, 0.0323467, 0.210965, -0.0888601, 0.000917706, 0.0316894, 0.116341, -0.00882038, -0.0894263, 0.0468573, -0.082725, -0.0246364, 0.0841293, -0.0647166, 0.13528, 0.136054, 0.0441567, -0.130332, -0.0249207, 0.00946248], [-0.100319, -0.00905636, -0.0194708, -0.0388028, 0.00293212, -0.0875554, 0.0131254, -0.0216071, -0.00205283, 0.0423016, 0.016477, -0.0737745, 0.0568869, -0.015967, -0.183312, -0.0512881, -0.0594914, 0.0801777, 0.150051, 0.109577, -0.0552966, -0.070941, 0.10353, -0.0377611, -0.2455, 0.0547525, 0.700569, -0.145122, 0.0968599, 0.0637888, -0.0199142, 0.00695377, -0.0881555, -0.0785052, -0.00196308, -0.0456852, -0.0821786, 0.178331, -0.00974022, 0.0491892, 0.116242, 0.0420166, 0.0715048, 0.0701188, 0.0402363, -0.0345434, 0.0564233, -0.121973, 0.128551, 0.0429146, 0.0388298, 0.0809363, -0.0195939, -0.0540759, -0.00910432, 0.00733021, -0.0412394, 0.0831435, 0.112748, -0.106103, 0.0867595, -0.140848, 0.011216, 0.0777192], [0.0728012, 0.0315743, 0.02458, 0.0203872, 0.0418906, 0.0364551, -0.0380613, -0.04221, -0.0151729, 0.129734, -0.0363242, -0.000246927, 0.00120221, 0.0480019, 0.0276907, -0.0819162, -0.0642616, -0.0746418, -0.169734, -0.0807099, 0.104803, 0.0691601, 0.0874151, 0.0466323, -0.00638856, -0.0720906, -0.145122, 0.821017, -0.120815, -0.134375, -0.0670946, 0.0271481, -0.0357996, 0.0915372, -0.0486553, 0.0460305, -0.0531611, -0.180321, 0.173171, 0.00303958, 0.0349303, 0.22092, 0.0306774, -0.07614, 0.00300621, -0.02444, -0.113672, 0.0674547, 0.0427073, -0.127006, -0.109359, 0.0861428, 0.0694955, 0.0433661, -0.0207159, -0.00900259, -0.169267, -0.00397808, -0.058177, -0.10493, -0.225461, -0.0177225, -0.131366, -0.0518983], [-0.00491438, -0.0479143, -0.0365809, -0.0368322, 0.00452993, 0.0136429, -0.0499226, -0.072732, -0.0149837, 0.134181, 0.0729961, 0.0958796, 0.0800565, -0.168028, -0.117664, -0.120742, -0.0924787, -0.0298842, 0.0624261, 0.304981, 0.167196, 0.0667304, -0.0941587, 0.0601194, -0.00317584, 0.0285045, 0.0968599, -0.120815, 0.912621, 0.0106928, -0.259532, -0.201114, 0.216815, -0.149333, 0.0500241, -0.0819897, 0.0164435, 0.0541991, -0.213204, 0.0155286, 0.0570214, -0.147428, -0.0216662, -0.0228596, 0.0397845, -0.133143, -0.0490831, -0.0501911, 0.0401384, -0.0404072, -0.0664395, -0.103423, 0.0340263, -0.000913544, -2.0798e-05, -0.109562, 0.154016, -0.0407927, -0.0688622, -0.0993453, 0.082234, -0.0493002, -0.0511405, -0.0883925], [-0.00681481, 0.031979, -0.0363702, 0.0143402, -0.0468344, -0.0990326, 0.0132608, 0.0364181, 0.0106555, -0.112444, 0.019665, -0.146054, -0.0376451, 0.0309038, 0.0429802, 0.117365, 0.175615, 0.0150192, 0.0398729, 0.088597, 0.0929806, -0.0335343, -0.133123, -0.0408063, -0.175843, 0.132336, 0.0637888, -0.134375, 0.0106928, 0.466994, 0.106626, 0.0599052, 0.00362369, -0.0798714, -0.016722, 0.0157178, 0.0368011, 0.0750418, 0.0500327, 0.0554372, 0.0276787, -0.203336, 0.0327306, -0.0540827, 0.107915, -0.0926787, 0.0462518, -0.0172527, -0.0959888, 0.0801283, 0.139323, 0.12417, -0.196035, 0.0432474, 0.0237148, -0.0977357, 0.0649389, 0.134498, 0.0824059, -0.0632082, 0.156424, -0.00836534, -0.0556705, 0.10639], [0.0903635, 0.0417788, 0.00977319, 0.0170262, -0.0458454, -0.028583, -0.0988463, 0.0131264, 0.0208357, -0.182703, -0.0844903, -0.175077, -0.165061, 0.0999611, 0.141764, 0.0393961, 0.109672, 0.00641806, -0.126472, -0.21117, -0.0295156, -0.0232046, -0.0505043, -0.264198, -0.24534, 0.0699031, -0.0199142, -0.0670946, -0.259532, 0.106626, 1.08935, 0.108207, -0.155966, 0.0503418, 0.20322, 0.023909, 0.0229761, 0.137378, 0.0909137, 0.0704633, 0.125897, 0.0883905, 0.104885, -0.0947042, 0.169062, -0.0560888, 0.0718887, -0.209838, -0.0510282, 0.139938, -0.109615, 0.22112, -0.0776883, -0.150581, -0.217738, 0.0223491, -0.0110303, 0.108637, 0.195931, 0.28386, -0.0973474, 0.0244825, -0.0814731, 0.0252722], [0.05468, 0.0642516, 0.00158341, -0.0221326, 0.0172145, -0.0854919, 0.0482871, 0.167489, -0.00421538, 0.126977, 0.0572654, -0.120947, -0.0367757, 0.136007, 0.305106, 0.319043, 0.0993351, -0.0342389, 0.0572024, -0.120018, 0.120624, -0.183826, -0.0916389, -0.0809266, 0.00894722, -0.0500145, 0.00695377, 0.0271481, -0.201114, 0.0599052, 0.108207, 0.782727, 0.0199855, 0.0612205, -0.0883102, -0.00498514, 0.0656125, -0.0485455, -0.0148904, 0.044506, 0.0495457, 0.302494, 0.0889992, -0.0544333, 0.182926, 0.120348, 0.0825978, 0.0200283, -0.123076, 0.0400464, 0.420582, -0.0420367, -0.0241179, 0.12744, -0.0597209, 0.155708, 0.194679, 0.187344, 0.0671018, 0.144128, -0.156309, 0.0353501, -0.0731245, 0.147177], [0.0167693, 0.00788227, -0.0264422, -0.00951138, 0.00108277, 0.0156728, 0.0875776, -0.0205633, -0.00076189, 0.0224618, 0.0961867, 0.068175, 0.0100062, -0.00375063, -0.0600823, 0.0274875, 0.0297406, -0.0267351, 0.127608, 0.124745, 0.0952901, 0.0362511, -0.152922, 0.0367198, 0.247655, -0.0991026, -0.0881555, -0.0357996, 0.216815, 0.00362369, -0.155966, 0.0199855, 0.624466, 0.00483709, 0.00754234, -0.139553, 0.139874, -0.0876235, -0.168429, -0.018901, -0.0786983, -0.176588, -0.0428789, 0.0580839, -0.0275781, 0.00392483, -0.0397032, 0.160976, -0.119727, -0.11243, -0.0171576, -0.0489582, 0.0883976, -0.0145263, 0.0811953, -0.00391553, 0.230679, -0.00375075, -0.0781971, -0.147752, 0.0915874, 0.0971758, -0.00518314, -0.131203], [0.00793264, 0.00782127, 0.0320586, -0.0200774, 0.029023, 0.0480931, 0.0153037, -0.0292147, 0.0121006, 0.0853738, -0.00337553, 0.0373805, -0.0265637, 0.0482668, -0.00790515, -0.0530867, -0.152051, 0.0737438, -0.111352, -0.0672859, -0.171301, -0.0915334, 0.149354, -0.131818, -0.0383798, -0.173274, -0.0785052, 0.0915372, -0.149333, -0.0798714, 0.0503418, 0.0612205, 0.00483709, 0.480499, 0.0752381, 0.00522379, 0.0478409, -0.02881, -0.0050635, -0.0199133, 0.0342186, 0.159428, 0.0350542, -0.0151796, -0.0692736, -0.0227919, -0.0611034, 0.126462, 0.119155, -0.0270016, -0.233321, -0.0142951, 0.0371909, -9.47843e-06, 0.0198797, -0.0071296, -0.0748341, -0.0608434, -0.0426487, -0.0969064, 0.0150136, -0.0971242, 0.0139137, 0.024211], [-0.0662492, -0.019226, 0.0217786, 0.046075, 0.00250701, 0.0158556, -0.0609402, -0.0330685, 0.0381455, 0.014721, 0.0935347, 0.195291, 0.167486, -0.133091, -0.0427629, -0.162308, -0.219983, 0.153691, -0.011033, 0.0185049, 0.0247002, -0.0101459, -0.0865946, -0.0624497, -0.0940421, -0.0454003, -0.00196308, -0.0486553, 0.0500241, -0.016722, 0.20322, -0.0883102, 0.00754234, 0.0752381, 0.682459, -0.154051, 0.156324, 0.0521605, 0.0830615, 0.186503, -0.119904, -0.175302, 0.00372386, 0.0412822, -0.104691, 0.117845, -0.143224, -0.055933, 0.171604, 0.1391, -0.306274, -0.0130333, 0.233224, -0.0725446, -0.196411, -0.0420447, 0.0321943, -0.197581, -0.0332083, 0.155024, 0.0706283, 0.00181544, 0.0415304, -0.113264], [0.073139, 0.00573271, 0.0621854, -0.0112623, -0.00570732, -0.00812109, -0.0251445, -0.0176374, -0.0235134, -0.0896171, -0.151221, -0.0869055, -0.0975349, 0.100574, 0.145967, 0.0299488, 0.144756, -0.0739581, 0.0503819, -0.124279, 0.0269502, -0.0353946, 0.0801569, -0.0649304, -0.235395, -0.00329539, -0.0456852, 0.0460305, -0.0819897, 0.0157178, 0.023909, -0.00498514, -0.139553, 0.00522379, -0.154051, 0.572501, -0.175068, 0.120848, 0.073661, -0.100699, 0.104011, 0.100187, 0.0444574, 0.0696448, 0.0493537, 0.0523176, -0.0751858, 0.0838072, -0.0133646, 0.0301726, -0.0132142, 0.0412297, -0.0568385, 0.0262057, 0.0590311, -0.119391, -0.159544, 0.0407452, 0.0305264, 0.0899044, 0.0657988, 0.14106, -0.0248172, 0.0436817], [0.00246756, 0.024856, -0.0366556, 0.00272693, 0.0129808, -0.0429935, -0.0879577, -0.00229225, 0.0444564, 0.0809132, 0.100511, 0.0636676, 0.117993, -0.212942, 0.0934467, 0.0032251, -0.0826967, 0.147977, 0.00484844, 0.0351966, 0.105032, -0.0164751, -0.0485465, 0.0161666, 0.104873, -0.0457013, -0.0821786, -0.0531611, 0.0164435, 0.0368011, 0.0229761, 0.0656125, 0.139874, 0.0478409, 0.156324, -0.175068, 0.675545, -0.00861766, 0.00332209, 0.00131427, -0.0706759, -0.00367218, -0.00313381, -0.0480527, -0.0979154, -0.000372725, 0.0071599, 0.0682271, 0.0591881, 0.0190071, -0.109922, 0.000295778, 0.0405168, -0.212749, -0.0208194, 0.121613, 0.149525, -0.0140969, -0.107192, -0.00967605, 0.0450707, 0.124362, -0.145685, 0.025617], [0.0144787, -0.0199715, 0.0460082, 0.0188915, -0.0251525, 5.37273e-05, -0.114945, -0.103956, 0.024255, -0.13924, -0.0809428, -0.0168149, 0.00675545, -0.183763, -0.0102415, -0.165859, -0.00204989, 0.0802919, -0.035811, 0.063022, -0.210298, 0.00280081, 0.164675, -0.0118084, -0.0296989, -0.0107047, 0.178331, -0.180321, 0.0541991, 0.0750418, 0.137378, -0.0485455, -0.0876235, -0.02881, 0.0521605, 0.120848, -0.00861766, 0.742109, 0.145941, -0.058628, 0.203267, -0.0364306, -0.0259502, -0.0385459, -0.0705125, -0.0662835, -0.144489, -0.0139691, 0.0131256, 0.0117525, -0.117105, 0.0861406, -0.0783119, -0.0822896, -0.156568, -0.132357, -0.120634, -0.0346827, 0.0200138, 0.026066, 0.0771956, 0.166031, -0.0280021, 0.060507], [0.0012361, -0.000226824, -0.0288412, 0.000263325, -0.0356664, 0.0458721, -0.0553299, -0.00693486, 0.0260996, -0.223408, -0.0535293, 0.0787704, 0.0422095, -0.0125699, 0.0534749, 0.0161323, 0.117256, 0.171496, -0.119123, -0.160178, -0.0573618, -0.102412, 0.245293, -0.0204196, -0.161496, 0.00465979, -0.00974022, 0.173171, -0.213204, 0.0500327, 0.0909137, -0.0148904, -0.168429, -0.0050635, 0.0830615, 0.073661, 0.00332209, 0.145941, 0.737959, -0.0357599, 0.0753759, 0.162776, 0.00496654, 0.0126436, 0.128652, 0.0172874, -0.0845584, 0.0772417, 0.178804, 0.00742248, -0.0377639, 0.253688, -0.045766, -0.0529501, -0.0856778, -0.00314476, -0.156441, 0.0263604, -0.0209984, 0.0352017, -0.0298678, 0.0246143, -0.069644, 0.0520268], [-0.0580584, -0.0438156, 0.0314459, -0.0257759, 0.0330619, -0.0498418, -0.018995, 0.0934223, 0.00244788, 0.19177, -0.096354, -0.0426587, 0.037817, 0.0121771, -0.0702447, 0.0822804, -0.0424919, -0.024206, -0.0625753, 0.0753276, 0.143816, 0.0694269, -0.135085, -0.105271, -0.0971366, -0.00705772, 0.0491892, 0.00303958, 0.0155286, 0.0554372, 0.0704633, 0.044506, -0.018901, -0.0199133, 0.186503, -0.100699, 0.00131427, -0.058628, -0.0357599, 0.496088, -0.157253, -0.0612386, -0.0286092, -0.0272643, 0.0186482, -0.0275033, 0.0137593, -0.120865, -0.0413626, 0.0190935, 0.0796354, 0.000904808, 0.128597, 0.107593, -0.064775, 0.122725, 0.0673872, -0.0280376, 0.0149956, 0.128795, -0.0985093, -0.125767, -0.0343799, -0.0282143], [0.0187921, 0.00163819, 0.0126539, -0.0206484, -0.0139789, -0.00646718, -0.169855, -0.0213263, -0.0119413, -0.025863, 0.124711, -0.12874, -0.112309, -0.118293, 0.0208278, 0.040272, 0.0380887, -0.0404523, 0.0390902, -0.0727205, -0.0461718, -0.0145685, 0.0739067, 0.00338834, -0.0838345, 0.0103852, 0.116242, 0.0349303, 0.0570214, 0.0276787, 0.125897, 0.0495457, -0.0786983, 0.0342186, -0.119904, 0.104011, -0.0706759, 0.203267, 0.0753759, -0.157253, 0.740325, 0.220052, 0.0707522, 0.00225439, 0.00637675, -0.124979, -0.0547009, 0.0142491, 0.109329, 0.0558244, -0.168475, 0.129645, -0.116654, -0.0241921, -0.0485273, -0.192932, -0.0573064, 0.0954421, 0.152796, -0.0433607, 0.0508239, 0.0963792, -0.0652748, 0.0311221], [0.09546, -0.0399087, -0.0504823, -0.0946721, 0.0196291, -0.0780708, -0.0103522, -0.000784231, -0.0328718, -0.0608549, -0.0579054, -0.310855, -0.161422, 0.236398, 0.297138, 0.00559975, -0.0386935, -0.0700857, -0.0401258, -0.235238, 0.133747, -0.236701, 0.16718, -0.12322, -0.0720775, -0.0657389, 0.0420166, 0.22092, -0.147428, -0.203336, 0.0883905, 0.302494, -0.176588, 0.159428, -0.175302, 0.100187, -0.00367218, -0.0364306, 0.162776, -0.0612386, 0.220052, 1.12222, 0.126545, 0.114671, 0.188301, -0.0453949, 0.248906, -0.0664692, 0.0629722, 0.00798769, 0.120369, 0.0283729, 0.112705, 0.126233, -0.0136531, 0.178649, -0.136848, 0.16323, 0.0420785, 0.138731, -0.195341, -0.0537081, -0.210131, 0.120469], [0.00164434, 0.0483132, 0.0166698, -0.00335229, 0.0212643, -0.0187234, 0.0640867, -0.0742367, -0.00724514, 0.107125, 0.0987989, -0.00238393, -0.00305001, 0.172642, -0.0368318, -0.0826692, -0.125175, 0.0142537, 0.0820582, 0.0760794, -0.16701, -0.0397679, -0.0300526, -0.155974, -0.116611, 0.142589, 0.0715048, 0.0306774, -0.0216662, 0.0327306, 0.104885, 0.0889992, -0.0428789, 0.0350542, 0.00372386, 0.0444574, -0.00313381, -0.0259502, 0.00496654, -0.0286092, 0.0707522, 0.126545, 0.547408, 0.0764981, 0.105614, 0.155121, 0.00160245, -0.0698936, 0.0679359, 0.0300461, 0.0482727, -0.0490481, -0.0046944, -0.00754115, 0.0479417, -0.220357, 0.0808684, 0.115754, 0.207314, 0.0229827, 0.00541007, -0.223187, 0.125595, 0.168795], [0.0166672, -0.00248296, -0.000859322, 0.018263, -0.0185567, 0.0305866, 0.101644, -0.0525704, -0.00495095, -0.063297, 0.0922677, 0.0820059, -0.00264228, 0.0420493, 0.0368097, -0.052794, 0.100695, 0.0432114, 0.100405, -0.0195689, -0.047002, -0.0851212, -0.0424366, 0.0293979, -0.0936, 0.0728769, 0.0701188, -0.07614, -0.0228596, -0.0540827, -0.0947042, -0.0544333, 0.0580839, -0.0151796, 0.0412822, 0.0696448, -0.0480527, -0.0385459, 0.0126436, -0.0272643, 0.00225439, 0.114671, 0.0764981, 0.60053, 0.028757, 0.171832, -0.00745112, -0.0639031, 0.0862769, 0.0470267, 0.0909218, -0.0273921, 0.00196117, 0.0144628, 0.00593849, -0.00767439, 0.0674642, -0.0885842, 0.12403, 0.126791, 0.130776, -0.0386587, -0.072961, -0.0533226], [0.00813679, 0.0558467, -0.04139, 0.00564572, -0.010635, -0.0768116, 0.0226871, 0.0161996, -0.0342166, 0.0180057, 0.0490355, -0.171646, -0.0971688, 0.208861, 0.118722, 0.0988902, 0.252808, -0.0797694, 0.130557, -0.00924702, 0.168644, -0.0906396, -0.0414267, -0.229338, -0.229618, 0.0555116, 0.0402363, 0.00300621, 0.0397845, 0.107915, 0.169062, 0.182926, -0.0275781, -0.0692736, -0.104691, 0.0493537, -0.0979154, -0.0705125, 0.128652, 0.0186482, 0.00637675, 0.188301, 0.105614, 0.028757, 0.636307, -0.00178893, 0.245379, -0.146086, -0.00267792, 0.144202, 0.305105, 0.0361973, -0.0303294, 0.172114, 0.0531331, -0.000694777, -0.00592801, 0.295383, -0.0126177, 0.165378, -0.143207, -0.0926193, -0.116218, 0.105363], [0.00297198, 0.0470389, -0.00507708, 0.0504277, 0.0148547, 0.0332021, 0.0526381, 0.0108425, 0.00627212, 0.0204827, 0.0274422, 0.171254, 0.0817244, 0.0673966, -0.0411537, 0.0020903, -0.0917694, 0.0626353, 0.0744239, -0.0643836, -0.130967, 0.158915, -0.035762, 0.00768655, 0.0416529, 0.0323467, -0.0345434, -0.02444, -0.133143, -0.0926787, -0.0560888, 0.120348, 0.00392483, -0.0227919, 0.117845, 0.0523176, -0.000372725, -0.0662835, 0.0172874, -0.0275033, -0.124979, -0.0453949, 0.155121, 0.171832, -0.00178893, 0.5549, -0.11428, 0.0630025, 0.135288, 0.0448039, 0.00686453, -0.091267, 0.0748974, -0.0563853, -0.0605957, -0.105007, 0.0508111, -0.0531591, -0.0560722, 0.110656, -0.062703, 0.0220316, 0.101681, 0.0428228], [0.000978148, 0.00367276, -0.152107, -0.0278162, 0.0148569, -0.0819868, -0.054591, 0.0482425, -0.0323214, -0.0270706, -0.0547902, -0.230879, -0.130942, 0.048443, 0.214954, 0.0871021, 0.12957, -0.102319, 0.0552792, -0.0411413, 0.274987, -0.283662, -0.276552, -0.193769, -0.0593755, 0.210965, 0.0564233, -0.113672, -0.0490831, 0.0462518, 0.0718887, 0.0825978, -0.0397032, -0.0611034, -0.143224, -0.0751858, 0.0071599, -0.144489, -0.0845584, 0.0137593, -0.0547009, 0.248906, 0.00160245, -0.00745112, 0.245379, -0.11428, 0.915889, -0.162521, -0.0426759, 0.140788, 0.375253, -0.154815, -0.122332, 0.181416, 0.0948325, 0.305442, 0.0432284, 0.180481, 0.128207, 0.192597, -0.0672448, -0.108547, -0.115604, 0.0759535], [0.0287209, 0.0112797, 0.0544073, -0.00664403, -0.00408798, 0.0350574, 0.0389093, 0.0346549, 0.0125514, -0.0856648, -0.0882287, 0.115032, 0.0419703, -0.0278942, 0.00716118, 0.0799544, 0.0216348, 0.0759204, -0.0220188, -0.0379737, 0.00976854, -0.0154417, -0.0123094, 0.0318387, 0.237617, -0.0888601, -0.121973, 0.0674547, -0.0501911, -0.0172527, -0.209838, 0.0200283, 0.160976, 0.126462, -0.055933, 0.0838072, 0.0682271, -0.0139691, 0.0772417, -0.120865, 0.0142491, -0.0664692, -0.0698936, -0.0639031, -0.146086, 0.0630025, -0.162521, 0.60211, 0.0725613, -0.186738, -0.218897, 0.0672646, 0.0444873, 0.00552019, -0.0019817, -0.0277903, 0.0805564, -0.0440999, -0.111784, -0.0710352, 0.159265, 0.119813, 0.110461, 0.0241001], [-0.0140621, -0.0248788, -0.0384253, 0.0279785, -0.00396755, 0.0464525, -0.0591106, -0.0861298, 0.0251465, -0.0807958, 0.00843304, 0.165843, 0.11857, -0.045973, -0.0528228, -0.210704, -0.168099, 0.172936, -0.0414378, -0.0130992, -0.171346, -0.0467846, 0.202836, -0.0755608, -0.159433, 0.000917706, 0.128551, 0.0427073, 0.0401384, -0.0959888, -0.0510282, -0.123076, -0.119727, 0.119155, 0.171604, -0.0133646, 0.0591881, 0.0131256, 0.178804, -0.0413626, 0.109329, 0.0629722, 0.0679359, 0.0862769, -0.00267792, 0.135288, -0.0426759, 0.0725613, 0.646286, 0.0439395, -0.204351, -0.00257182, 0.0449478, -0.0999367, -0.168954, -0.0470943, -0.161292, -0.110399, 0.00238641, 0.0910104, 0.116404, 0.0291623, -0.0504217, -0.0344025], [0.017844, 0.0302622, -0.0593596, 0.0504778, -0.0443259, -0.00776028, 0.0336756, -0.0387777, 0.00874026, -0.0988459, 0.0603878, -0.0239973, -0.0222439, 0.182966, 0.043863, -0.0467639, 0.0397886, 0.0226753, 0.0575453, 0.0416334, 0.115922, -0.00427854, 0.00733444, -0.126837, -0.226132, 0.0316894, 0.0429146, -0.127006, -0.0404072, 0.0801283, 0.139938, 0.0400464, -0.11243, -0.0270016, 0.1391, 0.0301726, 0.0190071, 0.0117525, 0.00742248, 0.0190935, 0.0558244, 0.00798769, 0.0300461, 0.0470267, 0.144202, 0.0448039, 0.140788, -0.186738, 0.0439395, 0.596697, 0.0239079, 0.0014934, 0.0425097, 0.0655247, -0.0353843, -0.00378039, -0.0662464, 0.032886, 0.0733702, 0.0902711, 0.0723367, 0.0473411, -0.103754, 0.0802328], [-0.00375235, 0.000410048, 0.0319722, -0.0480707, -0.0303581, -0.142888, 0.143676, 0.177319, -0.0246757, -0.0305112, 0.0207989, -0.249965, -0.109645, 0.220227, 0.206748, 0.316603, 0.291067, -0.0939245, 0.119948, 0.1372, 0.18981, -0.210922, -0.240545, -0.0694481, -0.0476488, 0.116341, 0.0388298, -0.109359, -0.0664395, 0.139323, -0.109615, 0.420582, -0.0171576, -0.233321, -0.306274, -0.0132142, -0.109922, -0.117105, -0.0377639, 0.0796354, -0.168475, 0.120369, 0.0482727, 0.0909218, 0.305105, 0.00686453, 0.375253, -0.218897, -0.204351, 0.0239079, 1.40795, -0.095567, -0.408912, 0.183846, 0.220502, 0.149521, 0.302278, 0.243494, 0.278281, 0.0672769, 0.0476931, 0.00203634, -0.0504591, 0.123197], [0.0425406, -0.0184888, -0.0404851, 0.000974653, -0.0234838, -0.0179054, 0.0110799, -0.0162995, 0.00633511, -0.10498, -0.0681688, 0.0300689, 0.0875279, 0.0947547, 0.0226513, -0.0185809, 0.0285692, 0.0260959, -0.159939, -0.157715, -0.0381679, 0.0756483, -0.00154186, 0.0347922, -0.0561156, -0.00882038, 0.0809363, 0.0861428, -0.103423, 0.12417, 0.22112, -0.0420367, -0.0489582, -0.0142951, -0.0130333, 0.0412297, 0.000295778, 0.0861406, 0.253688, 0.000904808, 0.129645, 0.0283729, -0.0490481, -0.0273921, 0.0361973, -0.091267, -0.154815, 0.0672646, -0.00257182, 0.0014934, -0.095567, 0.887159, 0.0191221, -0.0158288, -0.060816, 0.0257452, -0.140333, 0.019504, 0.0121522, -0.105335, 0.0214452, 0.0508215, -0.215092, -0.0838762], [-0.0724177, 0.0148803, -0.0527227, 0.0203378, 0.0336961, 0.0753775, 0.0190053, -0.0699963, 0.00841193, 0.106033, -0.0862581, 0.270026, 0.255612, 0.0384417, -0.120739, -0.173044, -0.334167, -0.00746467, -0.00514235, 0.0546296, 0.144019, 0.0496178, 0.109653, -0.0578012, 0.0749492, -0.0894263, -0.0195939, 0.0694955, 0.0340263, -0.196035, -0.0776883, -0.0241179, 0.0883976, 0.0371909, 0.233224, -0.0568385, 0.0405168, -0.0783119, -0.045766, 0.128597, -0.116654, 0.112705, -0.0046944, 0.00196117, -0.0303294, 0.0748974, -0.122332, 0.0444873, 0.0449478, 0.0425097, -0.408912, 0.0191221, 0.895174, -0.0483921, -0.0485449, -0.060307, -0.0732154, 0.0139045, -0.137656, 0.0739229, -0.232229, 0.110104, -0.0633203, 0.0331657], [0.036905, 0.00963636, 0.0290609, -0.00078719, 0.0122872, -0.00921314, 0.0802945, 0.100433, -0.0804298, 0.120848, 0.0496806, -0.122642, -0.116767, 0.201366, 0.0920149, 0.188074, 0.136217, -0.24791, 0.110443, 0.0564517, 0.0947504, -0.0792093, -0.180491, -0.0784207, 0.0597356, 0.0468573, -0.0540759, 0.0433661, -0.000913544, 0.0432474, -0.150581, 0.12744, -0.0145263, -9.47843e-06, -0.0725446, 0.0262057, -0.212749, -0.0822896, -0.0529501, 0.107593, -0.0241921, 0.126233, -0.00754115, 0.0144628, 0.172114, -0.0563853, 0.181416, 0.00552019, -0.0999367, 0.0655247, 0.183846, -0.0158288, -0.0483921, 0.685211, 0.0852071, -0.00743916, 0.00321401, 0.0463352, 0.019087, 0.143077, -0.0762743, -0.202903, 0.00535997, -0.0459319], [-0.0395851, 0.0183408, 0.0340173, -0.03128, 0.0221424, 0.0104143, 0.0682927, 0.0134742, -0.0319486, 0.136026, 0.043931, -0.0428633, -0.0671353, 0.19036, -0.0407687, 0.0733039, 0.064854, -0.0812625, 0.254733, 0.0451928, -0.0819683, 0.0645286, -0.147828, 0.0136597, -0.0101392, -0.082725, -0.00910432, -0.0207159, -2.0798e-05, 0.0237148, -0.217738, -0.0597209, 0.0811953, 0.0198797, -0.196411, 0.0590311, -0.0208194, -0.156568, -0.0856778, -0.064775, -0.0485273, -0.0136531, 0.0479417, 0.00593849, 0.0531331, -0.0605957, 0.0948325, -0.0019817, -0.168954, -0.0353843, 0.220502, -0.060816, -0.0485449, 0.0852071, 0.630808, -0.0139176, 0.105935, 0.187249, 0.200078, -0.164256, 0.135183, -0.0855779, 0.116032, 0.0786402], [0.0598988, -0.0439531, -0.0693018, -0.0243925, -0.0181229, -0.0630827, -0.0372497, 0.0639757, 0.0110745, -0.156944, 0.0206343, -0.115383, -0.0367559, -0.0437649, 0.296129, 0.018674, 0.0463972, 0.00584191, -0.141992, -0.14884, 0.0860437, -0.246795, -0.120482, -0.0627856, 0.0742996, -0.0246364, 0.00733021, -0.00