{ "inv_metric": [ [ 1.70476, 0.636994, 0.472089, 0.0452678, -0.0730608, 0.0045719, 0.187728, 0.155416, 0.0672154, -0.131845, 0.0716619, 0.149358, -0.168842, 0.0769882, -0.0908134, 0.0116836, 0.152406, -0.0529354, 0.0912513, 0.0932445, 0.182886, 0.110574, 0.218221, 0.0235753, 0.00817028, 0.187017, -0.0537601, 0.077062, 0.0304371, 0.0468263, -0.19453, -0.119072, 0.158562, 0.102187, 0.163337, 0.107495, -0.0833564, -0.224164, 0.200898, -0.135166, -0.0723473, 0.130882, 0.04581, -0.00159576, 0.103135, 0.0167643, 0.00209454, -0.00792992, 0.0723407, 0.164285, -0.0824167, -0.0871387, 0.0896611, -0.00162784, -0.107321, -0.0527653, -0.0356806, -0.0161953, -0.205297, 0.138251, -0.159504, 0.170738, 0.136986, 0.168198, 0.388462, 0.102346, 0.0867299, 0.150072, -0.0230032, -0.0476438, -0.0712053, -0.0298818, -0.0182618, -0.000172019, -0.201718, 0.0793518, 0.201832, 0.0917105, 0.107456, -0.0256639, -0.0274646, 0.0846391, -0.355928, -0.146614, -0.0436265, -0.278407, -0.172522, 0.15295, 0.0565926, -0.0916928, -0.0452152, 0.171528, 0.091403, 0.20454, 0.170931, 0.0676455, 0.104718, 0.128595, 0.179515, 0.106546, -0.115067, -0.0749658, 0.0317944, 0.0404272, 0.142794, 0.0402924, 0.00963476, 0.169066, -0.00303774, -0.103851, 0.11162, 0.12383, -0.181768, 0.105949, -0.0575803, -0.0768929, 0.0727561, -0.140109, 0.123121, -0.0495932, -0.151385, -0.139354, -0.0262179, -0.11265, 0.372874, -0.04222, -0.164725, 0.0590361, -0.226663, -0.063907, -0.153525, -0.0819912, 0.210016, 0.138244, 0.22763, 0.180889, 0.183708, 0.0497347, 0.158387, -0.105967, 0.0737557, -0.168056, 0.0505918, 0.193159, 0.0592163, 0.234442, -0.0870793, -0.200473, -0.0266649, -0.0970908, 0.194587, 0.109006, 0.22194, -0.0065101, 0.0830007, -0.263618, -0.099733, -0.00722054, 0.231429, 0.172508, -0.0365301, 0.0169952, 0.121509, -0.140461, -0.0779357, 0.0401933, -0.0864866, -0.0586105, 0.0453103, -0.0679108, -0.0460948, -0.171565, 0.122763, 0.359135, -0.21419, -0.0702302, 0.00903187, -0.036656, 0.0128984, 0.196603, -0.161068, -0.0222214, 0.00452046, -0.114754, -0.0490417, 0.128978, -0.10764, -0.000543258, 0.15193, 0.159113, 0.124225, 0.126547, -0.122778, -0.205279, 0.0826269, -0.0346955, 0.0763791, -0.056447, -0.115737, -0.0110589, 0.241469, 0.0240937 ],
    [ 0.636994, 1.66328, -0.82676, 0.0304247, -0.0138454, 0.00988988, 0.275241, 0.12071, -0.0719972, 0.104968, 0.0969813, 0.0914267, -0.118969, 0.221502, -0.228983, -0.092965, 0.0693637, -0.0516196, 0.17039, 0.0595129, 0.0816205, 0.313327, 0.180126, 0.216614, -0.0149363, 0.352468, -0.0433917, 0.0951556, -0.158679, 0.0291508, 0.0977152, 0.1128, 0.121877, -0.00598183, 0.241143, 0.458953, 0.205876, 0.0465168, 0.23514, -0.205426, 0.0179, -0.121713, 0.169677, -0.118199, 0.232029, 0.068754, -0.16967, -0.207411, -0.0922488, -0.101314, -0.0121566, -0.0710669, 0.0534073, -0.00532413, -0.130248, 0.0142872, -0.039139, -0.00363503, -0.191309, 0.201823, -0.182063, 0.432165, 0.0484069, 0.27615, 0.473529, -0.0108767, 0.0957496, 0.233681, 0.0863136, -0.0913343, -0.0976817, 0.11957, 0.0559351, -0.0996842, -0.135219, 0.134629, 0.146188, -0.0147961, 0.0604142, 0.0191766, -0.049684, 0.105039, -0.0578792, -0.0321105, 0.293436, -0.157931, -0.290989, 0.0614947, -0.0294773, 0.12293, -0.0890477, -0.00423412, -0.0637825, 0.325047, 0.0153982, 0.0769863, -0.126366, 0.130775, 0.0340281, 0.069633, -0.248038, -0.0335823, -0.0521569, -0.00793366, -0.0111038, -0.0704139, -0.281056, 0.352318, -0.0371639, -0.0100191, -0.0318471, 0.291613, 0.0360832, -0.0317123, -0.109693, -0.113779, -0.00630219, -0.0890932, 0.14317, 0.20039, 0.107177, -0.417216, 0.0711043, -0.10879, 0.341703, -0.0123546, -0.178065, 0.261161, -0.0293535, -0.0592664, -0.373172, -0.0880109, 0.252953, 0.27257, -0.103096, 0.22854, 0.0110484, 0.035352, 0.111926, -0.0920757, 0.016193, -0.230234, -0.0791729, 0.0204309, 0.132782, 0.159311, -0.00887567, -0.242136, 0.0963021, -0.103377, 0.167755, 0.00334196, -0.0989639, 0.0113201, 0.0237499, -0.236451, -0.178248, 0.0658849, 0.166775, -0.263744, 0.0764037, 0.0156865, 0.0825801, 0.0854674, -0.313584, 0.199047, -0.0103583, 0.00116346, -0.0119007, 0.00964957, -0.0292453, -0.06918, 0.216484, 0.28676, -0.0574369, 0.0699958, 0.0293792, -0.077321, 0.0633065, 0.133319, 0.0468005, 0.0218155, -0.0695646, -0.0419241, -0.479148, 0.170197, 0.0925743, 0.177093, 0.159554, 0.17166, 0.0921207, 0.233012, -0.27341, 0.0194579, 0.0175755, -0.0272379, -0.0248198, 0.0821222, -0.0843504, 0.251955, 0.105721, -0.274723 ],
    [ 0.472089, -0.82676, 1.46229, -0.0028141, -0.0596776, -0.00798474, -0.228489, 0.114332, 0.0990958, -0.124826, -0.0888611, -0.0291036, 0.0722288, -0.104463, 0.0981255, 0.071103, 0.107916, -0.0705589, -0.0371139, -0.0811595, -0.0654292, -0.22794, -0.167675, -0.1777, 0.0162826, -0.215145, 0.0445445, -0.0822553, 0.139307, -0.102406, -0.238107, -0.12295, -0.0381299, 0.166416, -0.0766945, -0.417162, -0.254349, -0.11785, -0.295484, -0.00370033, -0.00103762, 0.132539, -0.208256, -0.0320494, -0.214039, -0.00671592, 0.151641, 0.227676, 0.0361766, 0.151748, -0.0243711, 0.0106714, 0.00927901, -0.00898287, -0.0452344, -0.0467404, 0.0224994, -0.0332922, 0.0119803, -0.1369, 0.0758719, -0.310629, 0.113625, -0.281536, -0.141194, 0.0410068, -0.025334, -0.1534, -0.0133289, -0.0212212, 0.119997, -0.0893645, -0.102856, 0.102793, 0.0865297, -0.0874276, -0.060123, -0.00449569, 0.0508356, -0.0494927, 0.0248366, 0.000336611, -0.0640988, -0.0608073, -0.298347, 0.0392859, 0.141435, 0.0635552, -0.00823906, -0.167393, 0.0945561, -0.0368673, 0.144601, -0.134114, 0.0734874, -0.0519347, 0.179267, -0.19763, 0.10261, -0.124986, 0.0670811, -0.100099, 0.0580634, -0.00981984, 0.239785, 0.0519385, 0.251997, -0.205506, -0.0211527, -0.0199351, 0.0292414, -0.170941, -0.155602, 0.0781146, 0.111139, 0.0926798, 0.14603, 0.0593131, 0.0420617, -0.288002, -0.151143, 0.300618, -0.0172156, 0.199108, -0.225978, -0.0128374, 0.0910219, -0.0671472, -0.224264, -0.0461222, 0.210236, 0.0326923, -0.0369323, -0.167537, 0.177871, -0.0913988, 0.0757746, -0.0284549, -0.0318699, 0.0565111, 0.0994035, 0.0714816, 0.121545, 0.19804, -0.169268, 0.0125207, 0.0315695, 0.185266, -0.173113, 0.028286, 0.0346299, -0.0817687, 0.228064, -0.00586676, 0.14309, -0.0403839, 0.0905852, -0.200023, -0.0660015, 0.235258, 0.0109927, 0.0428641, -0.0884588, -0.176931, 0.252525, -0.113966, -0.00471859, -0.0224615, 0.0964212, -0.245374, 0.0426574, 0.0261141, -0.184107, -0.0344141, -0.117315, -0.13827, 0.0624824, 0.0283687, -0.0924933, 0.00619789, -0.175571, -0.0258765, 0.0406209, 0.00891537, 0.484069, -0.0599663, -0.102153, -0.272539, 0.0245687, -0.203402, 0.0933134, -0.207117, 0.298847, -0.0794208, 0.0758744, -0.0236703, 0.0956295, -0.172426, 0.0603809, -0.223917, 0.0873632, 0.33701 ],
    [ 0.0452678, 0.0304247, -0.0028141, 0.0863319, -0.00658255, 0.00036232, 0.0290142, -0.0185847, 0.0205401, 0.0203168, 0.00814284, -0.0204344, 0.00630216, 0.163877, 0.0789333, 0.0372951, 0.0235072, -0.00615296, 0.00157244, 0.0160819, 0.0114761, 0.0101159, 0.0476466, -0.0157278, 0.00372128, 0.00923835, -0.00282236, 0.00970667, -0.0135512, 0.0244209, 0.0435052, -0.0120852, -0.0220607, 0.000161657, 0.0139683, 0.0217773, 0.0130485, 0.0209708, 0.0259383, 0.0325172, 0.0363909, 0.0374992, -0.00165675, 0.0145063, 0.0506362, -0.0089703, -0.0105842, -0.0231536, -0.04103, 0.000488906, 0.00565032, -0.0500196, 0.00172623, 0.00553362, -0.00170019, -0.00684184, -0.00126047, 0.00314843, -0.025874, 0.0214495, -0.00456635, 0.000119024, -0.0160587, 0.00860156, 0.0273701, 0.0224114, -0.00176001, -0.00318628, -0.0244032, 0.00171378, -0.00360319, -0.0191393, -0.00584016, -0.00723872, -0.0476115, 0.00829809, -0.00171207, -0.0066429, -0.0199705, -0.0071362, 0.00431382, -0.00837488, -0.0221707, -0.013001, 0.00289834, -0.00687229, -0.0173, -0.0343439, -0.00749991, -0.0130357, -0.00133852, 0.0220779, -0.0191901, 0.00616395, -0.000470781, 0.00991178, 0.0137349, 0.0142816, 0.00219034, 0.054026, 0.000635515, 0.00426825, 0.0162183, 0.0162098, 0.00614787, 0.00419644, 0.0025425, -0.0109677, -0.0122015, -0.0248554, 0.0143312, 0.0271103, -0.0150474, -0.0135616, -0.00528283, -0.017687, -0.0106999, 0.0145301, -0.0317695, -0.0105234, -0.0196389, -0.00661318, -0.0385862, -0.0291604, 0.0491442, -0.00665261, -0.0141816, -0.0222701, 0.00519789, -0.0397078, 0.0421288, -0.00486745, -0.00644648, 0.0355428, -0.0219314, 0.00279672, 0.0120668, -0.000754667, -0.0172626, -0.00233928, -0.00820076, -0.0176896, -0.0142101, -0.00197797, 0.0319327, 0.0203029, 0.0215957, -0.0495448, 0.0018304, 0.0160882, -0.0283871, 0.0204862, 0.00878166, -0.00765431, -0.0181002, 0.0139141, -0.0372912, 0.0448801, 0.0212739, 0.0121408, -0.0220221, -0.0133831, -0.0046476, 0.00915745, 0.0270105, -0.0186996, 0.00617111, -0.00996559, -0.00741829, 0.031209, 0.0406431, -0.0219237, 0.0011626, -0.035776, 0.0168714, 0.0296104, -0.0154233, -0.0266416, -0.0112643, 0.0593639, 0.0146855, -0.0080993, -0.0132898, -0.00747333, -0.0296596, -0.00827846, -0.00610084, -0.0132004, 0.0203127, 0.0374509, -0.0357127, 0.00741743, -0.0884092, -0.00483629, -0.00497648, -0.0142018, -0.0106015, 0.00614307, -0.0194923, 0.0118475, -0.00399998, -0.0303792 ],
    [ -0.0730608, -0.0138454, -0.0596776, -0.00658255, 0.537868, -0.000430312, -0.0351513, 0.0308208, -0.0475443, 0.0920116, -0.0100138, 0.0242442, 0.0391748, 0.0217292, 0.00685117, 0.104422, 0.163632, -0.0358272, 0.032945, 0.0146464, -0.00535133, 0.012284, -0.0725516, 0.0404521, -0.00834764, -0.0310911, 0.0166206, -0.0138683, -0.0113854, -0.0398137, 0.0305773, 0.0879316, 0.0334004, -0.0102993, -0.0602951, 0.0714617, -0.00466846, 0.0530497, -0.0683974, 0.0079433, 0.0367677, -0.0356524, -0.0358687, -0.140151, -0.0689717, 0.0533571, -0.0417823, 0.0259681, 0.0524069, -0.0914313, 0.0656038, -0.0362192, -0.00197675, 0.0124507, 0.0113777, 0.0061616, 0.00181343, -0.00201381, -0.0035943, 0.0250363, -0.0185498, 0.0400942, -0.000415472, -0.0291171, -0.030894, -0.0544877, -0.00933576, 0.0244777, 0.0397816, -0.0603106, 0.0147402, 0.0144085, 0.0380982, -0.00560837, 0.060326, 0.0209046, -0.056838, 0.000463934, 0.0546303, 0.00283632, 0.0381436, 0.0135983, 0.119654, 0.00109176, 0.0347363, 0.0189637, 0.016634, -0.0409787, -0.0271727, 0.05942, 0.0200456, -0.0790537, 0.0161875, -0.000955295, -0.109342, 0.00129786, -0.0676681, -0.0783095, -0.0782379, -0.069208, 0.0461096, 0.0433368, -0.0361786, 0.0502263, -0.0497358, 0.0336174, -0.0804235, 0.00284972, -0.0248277, -0.0344624, 0.00666164, 0.0455817, 0.0532209, -0.0468268, -0.00991632, -0.0256198, -0.0287589, -0.00734644, -0.0384044, 0.017795, 0.0182567, 0.0469908, 0.0282673, 0.0573593, 0.00726628, 0.00178552, -0.0554678, 0.0777989, -0.0603026, -0.0498874, -0.0647698, 0.00832555, 0.0169362, 0.024533, -0.14263, 0.0836617, 0.00275672, 0.00775804, -0.0699542, 0.0119607, -0.0423008, -0.00969707, 0.0620455, -0.013438, -0.0557888, -0.09221, 0.0216939, -0.127197, 0.024105, -0.0500814, -0.0197888, -0.050607, -0.0911841, -0.00785, -0.026675, 0.00789082, 0.0234297, -0.0350595, -0.0546237, -0.0942813, 0.00656644, 0.0408545, -0.0212762, -0.00176375, -0.0359683, 0.0412407, 0.09104, 0.0187928, -0.0120057, -0.10532, 0.0243428, 0.0644069, -0.0596966, -0.0183437, -0.0385443, -0.0424984, 0.0100694, 0.0201869, 0.018292, -0.0284866, 0.126499, 0.0362079, 0.00616234, 0.0210872, -0.0377026, 0.0959459, -0.0139143, 0.0430421, 0.0232514, 0.00623004, 0.0179383, 0.0393255, 0.0105255, -0.0233561, 0.0237434, 0.000171454, -0.0243902, -0.0737358, -0.0350177, 0.0182769, -0.101249, -0.044724 ],
    [ 0.0045719, 0.00988988, -0.00798474, 0.00036232, -0.000430312, 0.000966476, 0.00542839, -0.00258884, -0.000992952, -0.000666867, 0.00170771, 0.00251722, -0.0053177, 0.000674892, -0.00257877, -0.000684273, -0.00458423, 0.0060815, 0.00117347, 0.00137262, 0.00190602, 0.00393757, 0.00556475, 0.00293962, -0.000264307, 0.00520542, -0.00306144, 0.00163313, -0.00343595, 0.00258172, 0.000307125, -0.00352351, 0.00330137, -0.00426532, -0.000124005, 0.000930152, 0.00120343, -0.00196042, 0.00641025, -1.83E-05, -0.000919884, -0.00109941, 0.00431663, 0.0048704, 0.0016367, 6.22E-05, 0.000958855, -0.00112063, 6.73E-05, 0.0017952, 0.00250264, -0.0022706, 0.00157522, -0.000390149, 0.000917995, 0.000407295, 0.000394683, 0.00119702, -0.000712393, 0.00116256, -0.00736756, 0.00355837, -0.000640159, 0.00703553, 0.00679501, -0.000716875, -0.000604254, 0.00493075, -0.00123935, -0.00205745, -0.0078188, 0.00195285, 0.00320009, -0.00335814, -0.00609762, -0.000438254, 0.00390333, -0.000309901, 0.00192717, -3.66E-05, -0.00530793, -0.00203222, -0.00454017, 0.000307569, 0.00427601, -0.00196268, -0.001252, 0.000608367, 0.00268201, 0.00105845, -0.00804271, 0.0029991, 0.000539785, 0.00182159, 0.00278699, -0.000853408, -0.00150846, 0.00688586, 0.00300319, 0.0055153, -0.0060838, 0.000824856, 0.00131835, -0.00162418, 0.000536016, 0.0017054, -0.00293505, 0.0044298, -0.000142701, -0.000757202, -0.00704664, 0.00248962, -0.00314219, 0.00111548, -0.000731337, 0.000234656, -0.000107626, -0.00251817, 0.000845887, 0.00076995, 0.00138154, -0.00545431, -0.00153937, -0.00592371, 0.00606822, 0.00026785, 6.98E-05, 0.00456927, 0.00258712, -0.00012654, -0.00339212, 0.000913994, 0.00431665, 0.00534709, 0.00283206, 0.00211934, 6.89E-05, -0.000234296, 0.00075505, -0.00262287, 0.00138356, -0.00258219, -0.00330141, 0.00120433, 0.00232324, 0.00597956, -0.000752966, -0.00206178, -0.0021981, -0.00109889, 0.00230189, -0.000509116, 0.000419382, -0.000302456, -0.00015042, -0.00141118, -0.00573702, -0.00163504, 0.00173478, 0.00138291, -0.00547332, -0.00144499, 0.00559522, -0.000105271, -0.00290429, 0.00390232, 0.000782802, -0.000539469, -0.00042195, 0.00297961, -0.000217008, -0.00193777, 0.0038289, 0.00604022, 0.00019108, 0.00271137, 0.0024587, -0.000121823, 0.00379204, 0.00193504, 0.000599867, -0.000896954, 0.000625144, 0.000393091, -0.00668624, 0.000358825, 0.000591899, 0.00509591, 0.00209922, 0.00651651, 0.00109577, 0.00425979, -0.00386877, -0.0025111, 0.00123159, -0.000284262, -0.0016435, 0.00351921, 0.000769068, 0.00209691, 0.00242063, -0.00345531 ],
    [ 0.187728, 0.275241, -0.228489, 0.0290142, -0.0351513, 0.00542839, 0.799463, -0.165981, -0.0629471, -0.0360457, 0.0290939, 0.0764726, -0.205261, 0.0894594, -0.0544114, 0.0436946, -0.172008, 0.0887151, 0.14197, 0.176986, 0.101906, 0.103479, 0.304297, 0.00365568, -0.00719234, 0.312166, -0.0547181, 0.0179558, -0.0888385, 0.12377, -0.0421859, -0.143414, 0.113589, -0.0175974, -0.000688434, 0.17722, 0.00165365, -0.0520865, 0.388468, 0.0411446, -0.12033, 0.121382, 0.263462, 0.336664, 0.245125, -0.0321937, -0.0505486, -0.00651968, -0.000472344, 0.160083, 0.00838802, -0.0526375, 0.0354154, 0.0211491, 0.0477857, -0.00418829, 0.0612133, 0.0437725, -0.0756391, 0.0830603, -0.101919, 0.133216, -0.119246, 0.250219, 0.200951, -0.0325363, 0.0826158, 0.084275, -0.0837432, 0.0632654, -0.0979621, -0.00143333, 0.0136876, -0.0462736, -0.13209, -0.0369893, 0.163326, 0.0352727, -0.0247163, 0.0618105, -0.04433, -0.0668028, -0.187888, -0.029792, 0.0694317, -0.108786, 0.0211191, 0.100482, 0.057073, -0.114405, -0.101498, 0.180005, -0.136755, 0.00483819, 0.191571, -0.0164932, -0.0601523, 0.27708, -0.0145956, 0.257468, 0.00574857, -0.0729178, 0.0396285, 0.0210916, -0.0522, 0.090962, -0.0769447, 0.123907, 0.02865, -0.145997, 0.0443652, 0.0659978, -0.0898939, 0.0383314, -0.0398934, -0.104441, -0.0476901, -0.0720842, -0.00710529, 0.019966, -0.0292388, -0.183264, -0.0318518, -0.185089, 0.287173, -0.00711465, -0.0916389, 0.0057307, 0.0525209, 0.00538403, -0.0925669, 0.0745386, 0.124349, 0.243066, 0.229022, 0.0465576, 0.051602, -0.0247551, 0.0922876, -0.0790275, -0.00931585, -0.106908, -0.0936427, 0.0273204, 0.172108, 0.16793, -0.060994, -0.0935943, 0.0717175, -0.0186587, 0.0744197, 0.0186119, 0.0667074, -0.0259692, -0.02794, 0.0663925, -0.159545, 0.156382, 0.172775, 0.212525, -0.131285, -0.0115777, 0.202826, 0.0152344, -0.19482, 0.106695, -0.109654, -0.00490287, -0.0335607, 0.260629, -0.0786109, -0.152195, 0.0290671, 0.192112, 0.0420891, 0.0409612, -0.0494113, -0.0503152, 0.0377996, 0.144337, -0.0264332, 0.0104141, 0.0267716, -0.0698328, -0.241117, 0.0702626, 0.0373573, 0.0995879, 0.0524349, 0.341354, 0.0247746, 0.0463008, -0.298263, -0.146256, -0.0608688, 0.0142854, 0.00148362, 0.221252, -0.109933, 0.00635208, 0.199795, -0.238559 ],
    [ 0.155416, 0.12071, 0.114332, -0.0185847, 0.0308208, -0.00258884, -0.165981, 0.833648, 0.00990853, 0.0238422, -0.0236355, -0.0680079, 0.106137, -0.0194416, -0.0463203, -0.078358, 0.103402, -0.0246105, 0.0579975, -0.0860514, 0.0563934, 0.0348989, -0.17525, 0.108186, -0.00486767, -0.0440223, 0.0172463, -0.0149427, 0.165797, -0.101756, -0.019855, 0.109513, -0.0937699, 0.00235472, 0.0382654, 0.0945952, -0.0867063, 0.00266596, -0.266386, -0.156658, 0.102639, -0.0665244, -0.241222, -0.213341, -0.1855, 0.0649323, 0.0312653, -0.0509895, -0.0813161, -0.125526, 0.0150241, -0.0526676, -0.0630673, 0.0145497, -0.0507658, -0.00551706, -0.0300743, -0.0208325, 0.00968259, -0.089863, 0.0141706, -0.0906927, 0.168202, -0.133048, 0.0135611, -0.0308562, -0.056704, 0.00252247, 0.154458, 0.035371, 0.144732, 0.0803162, 0.0509342, 0.0626405, 0.113123, 0.0748113, -0.0695572, -0.0293564, 0.0958624, -0.0276678, 0.0419337, 0.0807931, 0.167225, 0.0368633, -0.00818435, 0.0399835, -0.0611331, -0.035432, -0.108573, 0.072566, 0.069636, -0.0796144, 0.143203, 0.0597882, -0.0619576, 0.00961942, 0.0104115, -0.0865607, -0.0267697, -0.202532, -0.0172464, 0.0468461, 0.00149591, -0.0352069, 0.0706517, -0.0474463, -0.00345768, -0.062593, -1.37E-05, 0.153485, -0.0461048, 0.0129267, 0.050636, -0.068994, -0.0218633, 0.0496595, 0.016748, 0.0452757, -0.0112349, -0.0238213, -0.0716226, 0.0883625, 0.0403796, 0.114004, -0.145874, 0.0434347, 0.0359159, 0.0781217, -0.118801, 0.0579141, -0.00583605, -0.0575886, 0.0235139, -0.0681692, 0.00404102, 0.114675, -0.0163603, -0.0645701, -0.108499, 0.0817538, 0.0298147, 0.116043, 0.00850845, -0.00635689, -0.0706669, -0.0744391, 0.0227718, 0.0736188, 0.0151876, -0.0670949, 0.0685711, -0.00523375, -0.0407555, 0.0581201, 0.0233981, -0.102469, 0.0547408, -0.117112, -0.111735, -0.214221, 0.169921, 0.033404, -0.0703862, -0.0586272, 0.0499014, -0.0614861, 0.0810092, 0.0509592, 0.0279621, -0.196811, -0.0396491, 0.124746, 0.0124459, 0.0443276, 0.0189021, -0.0629968, 0.0587191, 0.0634941, -0.0245193, -0.124834, 0.033676, 0.0511583, -0.0376638, 0.0758816, 0.13304, 0.0539104, 0.0238589, -0.0723709, -0.0221971, -0.201493, 0.129534, -0.107324, 0.110581, -0.0211794, 0.0566521, 0.0306113, -0.0136245, -0.107536, -0.0298664, 0.0829954, -0.12513, 0.065992 ],
    [ 0.0672154, -0.0719972, 0.0990958, 0.0205401, -0.0475443, -0.000992952, -0.0629471, 0.00990853, 0.527348, 0.0227123, 0.00902963, -0.0342708, 0.0584791, 0.0311753, 0.00701642, -0.0390065, -0.00344211, -0.0219941, -0.04049, 0.0388048, 0.00369715, -0.0232745, 0.0107441, 0.0811596, 0.0704237, -0.0269501, 0.00899928, 0.0139493, 0.0434111, 0.0206479, 0.0207749, 0.0328909, -0.0246927, 0.0236486, 0.0564513, -0.0563551, 0.0354223, -0.00618449, -0.0563022, -0.00932599, -0.063379, -0.00992528, -0.0171749, -0.0673874, -0.0577227, -0.0466481, 0.00348967, -0.0323016, -0.0153465, 0.0127353, 0.0251234, -0.0160977, -0.0189276, 0.0351147, -0.00900704, -0.0454381, -0.0143098, 0.0175014, 0.0264856, 0.0712161, 0.0263598, -0.0166683, -0.0370668, 0.0096844, -0.0356687, 0.0552162, 0.0292918, -0.00538058, 0.012339, 0.0231935, 0.0448327, -0.0778623, -0.0205549, 0.0393471, 0.00730096, 0.0376544, -0.0476502, 0.0311622, -0.0212535, 0.0834262, 0.00749486, -0.014941, 0.0168099, -0.0477827, 0.0189234, -0.0247436, 0.00579333, 0.0254726, 0.00226702, 0.0938066, 0.0226088, 0.0058601, 0.0905117, 0.0269201, 0.0594774, -0.0723044, 0.0233562, -0.0895498, -0.0317476, 0.0282223, 0.0342661, 0.0891254, 0.070832, 0.027955, 0.0418668, -0.00760063, 0.04449, 0.0323039, 0.00631344, 0.034476, -0.011091, 0.0624038, -0.0544151, 0.0294762, 0.02914, 0.0625062, 0.0378207, 0.00515328, -0.0412722, -0.0305855, -0.0119568, -0.00277396, 0.0284332, -0.0398334, 0.0817997, 0.0203272, 0.0501188, -0.10459, 0.0087092, -0.0181469, -0.0108541, -0.00796181, 0.00583609, -0.0157306, -0.0373485, -0.0924346, -0.0198303, 0.0102645, -0.0722078, 0.0228985, 0.0184224, 0.0476232, -0.0778195, 0.088427, -0.0204454, 0.0698215, -0.0224073, 0.0224308, -0.0556973, -0.00141478, -0.0389374, 0.0580796, 0.000778887, 0.0255531, -0.00276403, 0.0581378, 0.045555, -0.0307016, 0.0238422, 0.0110882, 0.0451505, -0.0408334, 0.0411614, -0.106538, 0.00817288, -0.0456135, 0.0213424, 0.0294215, 0.011165, -0.0121681, 0.0363523, 0.0269519, -0.0400308, -0.0487708, -0.00635599, 0.0698321, 0.0198654, -0.0280258, -0.00880696, 0.0073728, -0.0350833, 0.0205461, 0.019514, 0.0485834, -0.0142808, -0.0626593, 0.0445081, -0.0128029, 0.0213387, -0.0247744, -0.0129896, -0.00281352, -0.0612913, -0.0657733, -0.0601841, 0.0108473, -0.00874709, -0.0800005, 0.00910848, -0.0740684, -0.000133356, 0.0638515 ],
    [ -0.131845, 0.104968, -0.124826, 0.0203168, 0.0920116, -0.000666867, -0.0360457, 0.0238422, 0.0227123, 0.958906, -0.0477776, -0.0385036, 0.0399226, 0.165146, -0.117718, -0.0092536, 0.148833, -0.0604904, 0.0290639, 0.0112915, -0.0450816, 0.00701843, -0.0275951, 0.122656, -0.00197499, 0.0989493, 0.237515, -0.0416842, -0.0882589, 0.0240549, 0.0150451, 0.0667804, 0.0622407, -0.0237109, 0.0705345, 0.305519, -0.025527, 0.0595045, -0.258895, -0.0841755, 0.0672071, -0.104601, -0.0943699, -0.205905, -0.109808, -0.0463061, 0.0580203, -0.0124953, 0.013926, -0.198473, -0.0342782, 0.129053, -0.0618093, 0.0745778, -0.0886337, 0.00333177, -0.0197154, 0.0118331, 0.0290004, 0.0083859, -0.0280914, 0.0381543, 0.0632521, 0.0584848, 0.00500778, -0.0242915, 0.01093, -0.00966041, 0.0685286, -0.0768628, 0.0210991, 0.107563, 0.0376134, -0.0588269, 0.039195, 0.186139, -0.105701, -0.0428592, 0.108281, -0.0123423, 0.0295075, 0.000750276, 0.111545, 0.0479334, 0.096516, 0.0262706, -0.0630787, -0.0924874, -0.0394547, 0.130601, 0.0523158, -0.109396, 0.0480217, 0.0871603, -0.141773, 0.0761309, 0.0176321, -0.134428, 0.0498331, -0.0890991, -0.0576347, 0.100808, 0.0937868, -0.101759, -0.0583326, -0.0437948, -0.0627621, 0.0393296, -0.00210981, 0.074215, -0.0312949, 0.119219, 0.0751422, -0.0771521, 0.163984, 0.00311302, 0.0151601, 0.0345978, -0.0308184, 0.065124, 0.136671, -0.0837582, 0.0263789, 0.101635, -0.07667, -0.000880126, 0.0417465, 0.260369, -0.186387, 0.0381997, -0.116256, -0.0158406, 0.0896751, -0.0738329, -0.113242, 0.0633094, -0.102345, 0.0776454, -0.063578, 0.00261261, -0.0559044, -0.0571347, 0.0146256, -0.154797, 0.0355959, -0.0686422, 0.00812879, -0.149034, 0.127645, -0.128156, 0.0393851, -0.0798621, -0.0693115, -0.0146894, -0.0082892, 0.0245882, 0.135133, 0.0549722, -0.0219866, -0.302125, 0.040932, 0.0354768, -0.00949627, 0.0257862, -0.118414, 0.0745952, -0.0260799, -0.0301874, 0.0217071, -0.233322, 0.0158172, 0.0973564, 0.165575, 0.0509896, -0.17658, 0.112502, 0.0230057, 0.0978488, 0.0601647, -0.121067, 0.0230064, -0.0326573, -0.013374, 0.0498391, -0.193551, 0.0555486, 0.0903753, 0.0631941, 0.0212268, -0.0752698, 0.120321, 0.0733565, 0.0654048, 0.0336893, 0.0843063, -0.057284, -0.0518072, -0.0353358, -0.0845536, 0.144268, -0.030684, -0.043957 ],
    [ 0.0716619, 0.0969813, -0.0888611, 0.00814284, -0.0100138, 0.00170771, 0.0290939, -0.0236355, 0.00902963, -0.0477776, 0.352267, 0.0140617, -0.0641364, 0.00449658, 0.0181673, 0.0359651, -0.0423223, 0.0416991, 0.0391541, 0.020032, 0.0232617, 0.00334871, 0.0774391, -0.0587857, 0.00637885, 0.00840677, -0.0141825, 0.353111, -0.00736645, 0.0832203, -0.0100568, -0.028386, 0.0159668, -0.0085018, -0.0108639, -0.051562, 0.0133469, -0.0418738, 0.128634, 0.00897777, -0.0280553, 0.0513955, 0.0949191, -0.0272055, 0.0686682, 0.00498009, -0.00726371, 0.0198862, -0.00313583, 0.0177355, 0.017523, -0.0215747, -0.0120301, -0.00367953, 0.00801072, 0.028114, -0.00372913, 0.0446603, -0.00677974, 0.0871898, -0.024467, 0.0104831, -0.0358619, 0.0295437, -0.0573923, 0.00723979, 0.00385497, 0.0382909, -0.0242483, 0.00490047, -0.0417555, -0.00179528, -0.034411, 0.0507656, -0.0399377, -0.00496356, 0.0260481, 0.0330007, -0.0100349, 0.0690557, -0.0201585, -0.0160171, -0.00919271, 0.0363153, 0.00410905, -0.025987, -0.00592925, 0.0651836, 0.0321031, -0.0116197, 0.0297298, 0.0164928, -0.00890573, 0.082222, 0.0866778, 0.0289091, -0.00674477, 0.064894, -0.059257, 0.0841598, -0.0539456, 0.0681497, 0.0273344, -0.00857766, -0.0313627, -0.0278344, -0.0502642, 0.0510924, 0.0337238, -0.0383752, 0.0473253, 0.00611104, -0.000215152, 0.0325663, -0.0226266, -0.0742707, 0.00345841, -0.00346027, -0.00762181, 0.047531, -0.0262106, -0.0287469, 0.00551186, -0.0970133, 0.0967975, 0.00225286, 0.0138593, -0.0029345, 0.0211217, 0.0165226, -0.00818029, -0.016291, 0.0278221, 0.0654009, 0.0715988, -0.00157284, 0.0850505, 0.0531329, 0.0214127, 0.00648621, 0.00339329, -0.0469835, -0.0217969, 0.00446856, -0.0935972, 0.0268417, -0.105211, 0.023414, -0.0276269, -0.0825569, 0.0494992, 0.0140125, 0.000994165, 0.018046, 0.00976378, -0.0309989, -0.0227997, 0.101263, 0.0056543, 0.040339, -0.0623867, 0.032279, 0.0152456, 0.00614261, -0.0700832, -0.0186781, -0.00106018, 0.0204447, 0.0108889, 0.0865175, 0.00275859, -0.049385, 0.0334638, -0.0333239, 0.0334122, -0.0460608, 0.0223365, -0.0273383, 0.0209386, -0.0139811, -0.0040067, 0.0309061, -0.00430554, -0.0147375, -0.0289925, 0.0304833, 0.0154363, 0.030542, 0.0266941, 0.0907262, -0.064428, 0.0342288, -0.0978279, -0.0221206, 0.013493, 0.0211382, 0.0109529, -0.0430228, 0.0299629, -0.0223438, 0.0344289, -0.0845711 ],
    [ 0.149358, 0.0914267, -0.0291036, -0.0204344, 0.0242442, 0.00251722, 0.0764726, -0.0680079, -0.0342708, -0.0385036, 0.0140617, 0.479518, -0.0745787, -0.0560872, -0.0247452, 0.0222693, -0.0928628, 0.11485, -0.0324195, 0.0668806, 0.0597061, 0.0383481, 0.165194, -0.0690294, -0.00435643, 0.0126401, -0.0129888, 0.00295506, -0.0567829, 0.0719788, -0.0681384, -0.0563174, -0.038174, -0.056216, -0.0510696, -0.0382582, 0.0221244, -0.0573469, 0.288928, 0.0876104, -0.109072, 0.0922042, 0.0539455, 0.168086, 0.0960656, 0.185919, -0.0266798, 0.00955917, 0.0112147, 0.122102, -0.0507573, -0.0770619, 0.0224066, 0.00797384, 0.0433587, -0.0169951, 0.0251325, 0.0122618, -0.0281094, 0.105227, -0.0282537, -0.0146537, -0.00649316, 0.098986, 0.0550198, -0.00998613, 0.0111578, 0.00158915, -0.0796148, 0.0456046, -0.0800155, -0.0324505, 0.0664939, -0.0403633, -0.107376, -0.0229057, 0.0544916, 0.0587328, 0.0242521, 0.0325392, -0.00727965, -0.0306249, -0.122974, -0.0369047, 0.000532568, -0.0179867, -0.0505931, 0.0350213, 0.0723977, 0.0182298, -0.0588408, 0.0673056, -0.0453049, 0.00767386, 0.0976661, -0.0143621, -0.0357412, 0.139302, 0.0894704, 0.131087, 0.0150254, -0.0422964, 0.0744622, 0.0112311, 0.00513199, 0.0242736, -0.0755948, 0.0986048, 0.0973823, -0.168356, 0.028836, 0.0173616, -0.0052439, -0.00947041, 0.0443418, -0.049117, -0.0329232, -0.0223418, 0.00224324, 0.0107678, 0.051351, -0.0753111, -0.0382641, -0.113294, 0.156251, -0.0912549, -0.0247542, 0.0170809, 0.0369505, 0.0374436, 0.00750883, 0.00124705, 0.0687036, 0.0932356, 0.0645067, -0.0537623, 0.0614209, 0.0448796, 0.0482231, -0.143637, -0.00735011, -0.0956631, -0.0832356, 0.0842449, 0.0838175, 0.0716346, -0.0304334, -0.0282881, 0.0409505, -0.075311, -0.0414548, 0.0128102, 0.111186, -0.0418579, 0.0012247, -0.0340353, -0.0309649, 0.025739, 0.124693, 0.149751, -0.0224062, 0.0200745, 0.035742, 0.0629274, -0.0267306, 0.0884174, -0.0139128, -0.0701252, -0.0159657, 0.0551107, -0.000752307, -0.0696851, -0.0121663, 0.0901937, -0.0246654, 0.0344289, 0.0208539, -0.00928092, 0.0202622, 0.122939, -0.0560209, -0.0292727, 0.0203423, -0.0321089, -0.0659614, 0.0137747, 0.0564843, 0.050878, -0.0166466, 0.244864, -0.0789816, 0.0805659, -0.172267, -0.0819874, 0.0317187, -0.0200231, 0.00470076, 0.156764, -0.0564528, -0.0298481, 0.0982195, 0.00243682 ],
    [ -0.168842, -0.118969, 0.0722288, 0.00630216, 0.0391748, -0.0053177, -0.205261, 0.106137, 0.0584791, 0.0399226, -0.0641364, -0.0745787, 0.513891, 0.00130208, 0.041129, -0.0241603, 0.0981795, -0.160605, -0.00697153, -0.040877, -0.0512224, 0.0183699, -0.244722, 0.0493762, 0.00733989, -0.113557, 0.0331781, -0.0545786, 0.0852948, -0.0848145, 0.0187041, 0.333556, -0.12259, -0.00105413, 0.0122539, -0.0115663, -0.00602291, 0.072945, -0.364039, -0.102177, 0.108061, -0.124331, -0.151375, -0.242602, -0.19998, 0.0503517, 0.0556606, -0.0562553, -0.0770879, -0.166099, -0.0735453, 0.113766, -0.0114586, 0.0185729, -0.0204733, 0.0177946, -0.0270833, -0.0131098, 0.0626469, -0.107471, 0.0652127, -0.0413875, 0.0963925, -0.166966, -0.061173, 0.0191731, -0.0328108, -0.146169, 0.118059, -0.0761708, 0.136035, 0.0752286, 0.0196813, 0.0442005, 0.10721, 0.0139685, -0.142788, -0.101166, 0.00143942, 0.0335063, 0.0198545, 0.13427, 0.157656, 0.122227, 0.0265255, 0.0891799, -0.0137956, -0.127323, -0.153729, 0.0507822, 0.0668072, -0.10878, 0.0859352, 0.0259323, -0.183713, 0.0463073, 0.0285781, -0.345229, -0.0517315, -0.192853, -0.00679529, 0.0152115, -0.0338327, 0.0229404, 0.0777501, -0.0396347, 0.0071016, -0.196244, -0.0458112, 0.161931, -0.0248266, -0.0554515, 0.0893014, -0.0409757, 0.0079558, 0.0713958, 0.0305065, -0.000397498, -0.0123251, -0.0551464, -0.0207251, 0.118106, 0.0917747, 0.164407, -0.232041, -0.00232429, 0.0567821, 0.0496819, -0.165574, -0.030373, 0.0679195, -0.00447262, -0.158051, -0.162118, -0.202171, -0.0322064, -0.0908438, -0.0955117, -0.162352, 0.0741685, 0.0343492, 0.0999145, 0.0482664, -0.0964631, -0.0956824, -0.183945, 0.0360345, 0.0200665, 0.00510591, -0.0305097, 0.0447317, -0.0104917, -0.0725761, 0.0241636, -0.00360056, -0.0344979, 0.11429, -0.0561828, -0.135665, -0.167653, 0.146771, -0.00358059, -0.0433271, 0.0189036, 0.0706735, -0.0952699, 0.114917, 0.0124271, 0.033342, -0.187565, 0.137719, 0.20033, 0.0551451, -0.0920441, -0.0255872, -0.0151086, -0.0303764, 0.0266373, 0.00629761, -0.130849, 0.075201, -0.00184384, -0.0278028, 0.0642628, 0.0996349, 0.00543541, 0.0454433, -0.0635858, -0.0671984, -0.209852, -0.0299174, -0.0524157, 0.174403, 0.0865351, 0.0296159, -0.00817282, 0.00433458, -0.133333, 0.0304459, 0.0741288, -0.144586, 0.111693 ],
    [ 0.0769882, 0.221502, -0.104463, 0.163877, 0.0217292, 0.000674892, 0.0894594, -0.0194416, 0.0311753, 0.165146, 0.00449658, -0.0560872, 0.00130208, 0.543664, -0.0876494, 0.0531044, 0.0209726, -0.0238863, 0.0255357, 0.0457038, 0.0206448, 0.0727467, 0.0585791, 0.0768749, 0.000547732, 0.122572, 0.0178966, 0.00378467, -0.0713084, 0.0728495, 0.11136, -0.0198867, 0.00440251, 0.017014, 0.0485968, 0.141808, 0.037449, 0.0624876, 0.0519881, -0.00683732, 0.0573992, 0.0110353, -0.0226239, -0.0128694, 0.0665546, -0.0449417, -0.0199486, -0.0670796, -0.108711, -0.0564861, 0.0158001, -0.117606, -0.00183326, 0.00910842, -0.015994, 0.00147668, -0.0161816, 0.00984396, -0.0108419, 0.063422, -0.0173974, 0.073679, -0.00260667, 0.0548829, 0.0675327, 0.00723813, 0.0177309, 0.0434623, 0.0295865, -0.0639387, -0.0317107, -0.0312154, 0.0424212, -0.0902847, -0.0811124, 0.0256866, 0.011956, -0.032976, 0.00589027, 0.0148046, 0.0334929, -0.0140049, -0.00443009, -0.0525446, 0.0752606, -0.0140963, -0.0794897, -0.0940324, -0.0332313, -0.0122313, 0.00786778, -0.0238136, -0.0171379, 0.046287, -0.00383005, 0.0134885, 0.00614357, -0.0124916, 0.00256411, 0.106616, -0.000410956, 0.0210463, 0.026031, -0.0226856, -0.0348299, -0.0297731, -0.0103917, -0.00411633, -0.059531, -0.00846116, -4.52E-05, 0.100436, 0.0207209, -0.0348798, 0.0152326, -0.0597457, -0.0459739, 0.0458183, 0.00305003, -0.0200689, -0.0015611, -0.0583555, -0.0358304, 0.0251579, 0.0959122, -0.00409837, -0.0256721, 0.0228238, -0.0111979, -0.0318382, 0.0620492, -0.0165765, -0.00865584, 0.0741648, -0.0665963, 0.0702631, -0.0231511, -0.00439739, -0.0700012, -0.0166598, -0.0266262, -0.0989214, -0.0506666, -0.0570018, 0.0832277, 0.100903, 0.0829761, -0.141569, 0.00988594, -0.0334749, 0.0311398, 0.00276639, -0.0453879, -0.0167865, -0.0120183, 0.0465058, -0.10516, 0.04489, 0.0257629, -0.0426697, -0.00784872, 0.0148244, -0.0309706, 0.0615983, -0.0643222, -0.00113462, -0.00730057, -0.0138515, -0.0155355, 0.0713792, 0.0911454, 0.0085629, 0.0243763, -0.0170032, 0.0645328, 0.123979, 0.0108621, -0.0591078, -0.0213459, 0.120568, 0.0732336, -0.0196055, -0.00571142, -0.0393868, -0.159144, 0.0147744, -0.0257018, -0.0822556, 0.0421594, 0.0848627, -0.051, 0.0223073, -0.180563, -0.000516018, 0.00315695, -0.0231364, -0.0371446, 0.0171021, -0.0142232, 0.128698, 0.00264736, -0.0780741 ],
    [ -0.0908134, -0.228983, 0.0981255, 0.0789333, 0.00685117, -0.00257877, -0.0544114, -0.0463203, 0.00701642, -0.117718, 0.0181673, -0.0247452, 0.041129, -0.0876494, 0.507853, 0.031021, 0.038187, -0.0276982, -0.00878668, -0.0523722, -0.0220053, -0.121617, 0.0382932, -0.173494, 0.00882083, -0.168401, -0.017775, 0.0204849, 0.0264031, -0.0164837, 0.00719945, 0.000700272, -0.0763909, -0.00634566, 0.00835364, -0.0943724, -0.0198072, 0.00983205, 0.0215355, 0.141309, 0.0530587, 0.116232, -0.00821506, 0.0605854, 0.043943, 0.00295938, -0.00999045, -0.0050643, -0.005647, 0.0263259, 0.0204363, -0.0111902, 0.000264502, 0.0202903, 0.0308219, -0.0172974, 0.0140956, -0.0185979, -0.0401975, -0.0392463, 0.0106394, -0.140145, -0.0858225, -0.0896161, -0.0509974, 0.0402017, -0.0169982, -0.0925749, -0.090319, 0.0892288, 0.0253532, -0.0453554, -0.115455, 0.0979488, -0.047214, -0.00392905, -0.0480331, 0.0261382, -0.0760043, -0.0469349, -0.00222489, -0.0076651, -0.0365506, -0.00251514, -0.111191, 0.0167619, 0.0567077, -0.04516, 0.0456366, -0.0199618, 0.00633676, 0.088958, -0.0490421, -0.0692341, -0.0250518, -0.00132572, 0.015859, 0.00577023, -0.0351778, 0.0432453, 0.0210415, -0.0468125, -0.0103138, 0.0855441, 0.0588017, 0.0261838, 0.0251787, -0.0552208, 0.0207704, -0.0713233, 0.0203477, -0.0593793, -0.0742589, 0.0131638, 0.00461474, -0.00404636, 0.0128863, 0.0141141, -0.109209, 0.00672908, -0.0854402, 0.0775796, -0.103613, -0.0851424, 0.00300078, -0.0224476, -0.0322124, -0.143721, 0.0413218, -0.10762, 0.0789524, 0.000249794, 0.00187019, 0.00911718, -0.0328931, -0.104407, 0.0634187, 0.0317741, 0.0388618, 0.0274864, -0.0274899, 0.0641838, 0.011387, 0.0151958, -0.037277, -0.0957711, 0.0274351, 0.0529371, -0.00507968, 0.121007, -0.16868, 0.0550624, 0.0632994, -0.0127493, -0.0524693, -0.00503256, 0.00195422, 0.0865212, 0.000533913, 0.121535, -0.0576368, -0.072317, -0.00457818, -0.0631727, 0.179323, -0.0732332, 0.0475201, -0.0109604, -0.0245935, 0.0193388, 0.0237486, -0.0889852, -0.0782018, -0.139859, -0.0148887, -0.0504349, -0.057622, -0.0341855, -0.0545841, 0.0744589, -0.00536969, -0.000410865, -0.0459077, 0.0137466, 0.13922, -0.0411864, 0.00515479, 0.0193369, 0.0377434, 0.00391933, -0.1164, -0.0530439, -0.0955729, 0.0272416, -0.0499895, -0.0216959, -0.0112638, -0.014993, -0.00171015, -0.103839, -0.0166985, -0.0228489 ],
    [ 0.0116836, -0.092965, 0.071103, 0.0372951, 0.104422, -0.000684273, 0.0436946, -0.078358, -0.0390065, -0.0092536, 0.0359651, 0.0222693, -0.0241603, 0.0531044, 0.031021, 0.471994, -0.0732614, 0.00652198, 0.0035992, 0.0390537, -0.0196226, -0.0927511, 0.0020394, -0.0517537, -0.00410667, -0.0836808, 0.0125591, 0.028673, -0.0823689, 0.0219711, 0.0466539, -0.0406899, -0.0552714, 0.0303711, -0.063726, -0.0916658, 0.0149499, 0.030068, -0.00120308, 0.109872, 0.030401, -0.00241389, -0.0447207, -0.0161268, 0.0581517, 0.0547699, -0.00598224, 0.0574893, -0.0554827, 0.0433109, 0.0402177, -0.09688, -0.020661, -0.0119749, 0.031893, -0.0121607, 0.0300966, 0.0106909, -0.0790168, -0.030053, -0.0139733, -0.061932, 0.00287076, -0.0616651, -0.043072, -0.061608, 0.0447294, -0.0245823, -0.0559741, 0.00315261, 0.00821111, -0.0392547, -0.0244022, -0.0168818, 0.00768532, -0.0812049, -0.0267635, -0.0591331, -0.0301875, 0.0521656, 0.0489971, -0.0671249, 0.0298349, 0.00211516, -0.0637138, -0.013645, 0.0385963, 0.00574694, -0.0247495, 0.0164822, 0.020247, 0.00470275, -0.0058735, -0.0374333, 0.0251499, -0.0633192, 0.0229415, -0.00227324, 0.0388072, 0.00700863, -0.011004, 0.012796, 0.0150924, -0.010234, -0.086093, 0.030927, 0.0214036, -0.0330497, -0.0459371, -0.0412689, 0.0214132, 0.0154241, 0.000999013, 0.00767355, -0.014981, -0.0267041, 0.0370175, 0.000254616, -0.0294907, 0.0738612, -0.0357229, 0.0811241, 0.0383945, 0.010391, 0.0752882, -0.0120319, 0.000738521, -0.0600301, 0.0367748, 0.00292793, 0.118343, 0.00393499, -0.0717144, -0.0932449, 0.0205917, -0.0398526, 0.0760921, 0.0426646, -0.0487562, -0.0015749, 0.00114708, -0.103873, 0.0288594, 0.0058362, -0.00392997, 0.0271439, 0.0354625, -0.027377, 0.0301365, -0.0172414, 0.0461373, -0.108746, 0.0012901, -0.00183758, 0.0277914, 0.0172917, -0.031536, 0.0156328, -0.00496975, 0.0397445, -0.051744, 0.0385074, -0.0445161, 0.0548089, 0.0363274, -0.0445901, -0.026832, 0.00378215, 0.00726884, 0.0254542, 0.0241251, -0.0456387, -0.0417938, -0.034939, 0.0139076, -0.0382198, 0.0110407, -0.0121012, 0.0633005, 0.104671, 0.073004, 0.0102281, 0.00613716, -0.0081932, 0.0326067, -0.0363617, -0.0211033, -0.031544, 0.0372056, 0.121592, -0.0589666, 0.00286536, -0.0489484, -0.012773, 0.0656796, -0.00452482, 0.0066801, 0.0130718, 0.0136882, -0.0809132, 0.0368247, -0.020579 ],
    [ 0.152406, 0.0693637, 0.107916, 0.0235072, 0.163632, -0.00458423, -0.172008, 0.103402, -0.00344211, 0.148833, -0.0423223, -0.0928628, 0.0981795, 0.0209726, 0.038187, -0.0732614, 0.941662, -0.0864706, 0.0135954, -0.0373861, -0.0401311, 0.00829284, -0.199205, 0.00918731, -0.00186028, -0.117512, 0.0508388, -0.0322917, 0.064404, -0.209057, 0.056784, 0.096509, 0.0729679, -0.0374297, 0.0227138, 0.118427, 0.00805187, 0.080871, -0.397807, -0.0682459, 0.0793165, -0.121432, -0.139829, -0.305624, -0.116467, -0.00351093, -0.0820635, -0.0653885, -0.0122054, -0.141617, 0.0296672, 0.125857, 0.0471117, -0.0366748, -0.0929631, -0.0370666, -0.0797943, 0.00504997, 0.00976641, 0.0447272, 0.0410747, -0.0639073, -0.0438474, -0.0967621, -0.0296888, 0.0277584, -0.140718, 0.0112497, 0.132198, -0.144353, 0.123101, 0.047325, -0.0281408, 0.0699507, 0.0736353, 0.0374813, -0.173635, -0.0100806, 0.0301878, -0.0315079, 0.0271581, 0.126636, 0.0747126, 0.0787203, 0.0254002, 0.00120009, -0.106528, -0.0396125, -0.0992318, 0.0972232, 0.0921386, -0.129009, -0.010405, 0.0548119, -0.167613, 0.0602228, 0.0673856, -0.210902, -0.0108142, -0.106456, -0.0675078, 0.0451089, -0.115648, -0.0456385, 0.045462, -0.104525, -0.0433705, -0.029732, -0.029892, 0.0565074, 0.041581, -0.00182605, 0.0655598, -0.0371377, 0.0321823, 0.029847, -0.0351798, 0.0844421, 0.0050861, 0.04515, 0.11377, 0.102001, 0.0683479, 0.0215951, -0.0833719, 0.00571126, -0.0518852, 0.083601, -0.207083, -0.109003, -0.0302057, 0.10875, 0.00089415, -0.126415, -0.150099, 0.110963, -0.0191752, -0.092565, -0.0661692, 0.0547454, 0.0214223, 0.0903952, 0.105516, -0.0599021, 0.034304, -0.166099, -0.00934252, -0.121048, 0.0397269, -0.0327405, 0.011882, 0.0428333, -0.0487454, 0.0087596, -0.0114963, -0.054437, 0.135568, -0.0387048, 0.00034131, -0.247723, 0.195523, 0.101161, -0.0575484, 0.0174932, -0.06936, 0.0216153, 0.0746191, -0.0296958, 0.0290065, -0.242831, 0.00334119, 0.151983, 0.0359122, -0.157367, -0.14278, -0.0540318, -0.0196703, 0.102452, 0.00159186, -0.135622, 0.0543772, -0.0194154, -0.0645948, 0.0506094, -0.00283111, 0.0331647, 0.00984003, -0.0134368, 0.0388403, -0.192115, 0.0411962, 0.00467383, 0.160787, 0.117964, 0.016622, -0.0402615, -0.0208399, -0.0983671, -0.0574271, 0.131768, -0.0942831, 0.0353151 ],
