{ "inv_metric": [ [ 3.51313, 1.78132, 1.4105, 0.110465, -0.0103531, -0.00846057, -0.41291, -0.81788, 0.0304081, -0.083897, 0.00247411, 0.128563, 0.236094, -0.060894, 0.410983, 0.173904, -0.200758, 0.0756631, 0.0454723, -0.314215, -0.0193159, 0.239404, -0.0230631, -0.327927, 0.0194493, -0.134974, -0.0155663, -0.0417766, -0.515467, -0.0573046, -0.0457032, 0.20733, 0.165, 0.0815542, -0.315105, 0.2705, 0.0408158, -0.087225, 0.537321, 0.771624, -0.346223, -0.894164, -0.505911, 0.0323821, 0.302569, 0.122151, 0.466566, 0.363729, -0.0255766, -0.23686, -0.245042, -0.29857, -0.143545, 0.00443824, 0.220403, 0.308338, 0.138129, 0.0387715, 0.265021, -0.299654, 0.221569, -0.0591267, -0.190411, 0.310369, 0.075719, -0.29674, 0.161125, -0.026972, -0.58945, 0.435988, -0.0407184, -0.290905, 0.298241, -0.134293, 0.495807, -0.436139, -0.332494, 0.0815321, 0.190684, 0.372554, 0.0698227, -0.0685573, 0.148779, -0.10317, -0.190713, -0.42946, -0.3832, -0.0105643, 0.0408059, -0.465624, 0.185877, -0.173215, 0.123086, 0.0662173, 0.134677, 0.0399686, 0.115274, -0.357324, 0.133562, 0.250312, -0.0879034, -0.415009, -0.224149, -0.134062, -0.393875, -0.166377, -0.36463, 0.37249, 0.371269, 0.256772, 0.429091, -0.0795365, 0.00520033, 0.173748, 0.0382581, -0.0473426, 0.377048, -0.355248, -0.0792482, 0.225414, 0.429278, -0.326935, -0.180919, 0.257453, 0.363364, -0.0427466, 0.104379, 0.194259, 0.158746, 0.154395, 0.269247, -0.315608, 0.225205, -0.151322, 0.607605, -0.182887, -0.210449, -0.0235191, -0.124604, 0.0918668, -0.248512, -0.185744, -0.0697196, -0.165785, -0.342499, 0.483662, -0.0504084, -0.238777, 0.134201, -0.391836, -0.174553, -0.0927152, 0.016463, 0.192337, -0.180983, -0.00990601, -0.0150559, 0.578159, -0.106998, -0.467977, 0.715066, -0.538857, -0.000142399, 0.0816508, -0.323614, -0.0103389, 0.496848, -0.0183089, -0.223838, 0.0757086, 0.0927357, 0.412771, 0.548668, 0.0639537, -0.383128, 0.406725, -0.0964976, -0.118724, 0.216667, 0.388646, 0.602296, 0.0990096, -0.120261, -0.250005, -0.125571, 0.405084, 0.330529, -0.157105, 0.341438, -0.0781371, -0.360715, -0.0414374, -0.022225, 0.28922, 0.089848, -0.051796, 0.0631963, 0.329579, -0.855891, 0.587002, -0.0012786, 0.0386663 ],
    [ 1.78132, 2.49187, -0.165393, 0.106191, -0.0769238, -0.00784086, -0.0639102, -0.448045, 0.204543, 0.00945336, -0.0338729, 0.0197607, 0.332627, 0.0527417, 0.285996, -0.044493, -0.136913, 0.0787837, -0.034417, -3.33E-06, -0.207956, 0.0965898, -0.0151665, -0.223181, 0.0341358, -0.123374, -0.0234334, -0.0452695, -0.370614, -0.0667165, -0.121914, 0.25101, 0.0485787, -0.0395495, -0.265387, 0.142106, 0.0395546, -0.112488, 0.481271, 0.240398, 0.00202851, -0.508453, -0.268848, 0.030224, 0.0694687, 0.122652, 0.152839, 0.187976, 0.0298824, -0.083495, -0.02905, -0.217287, -0.0911951, 0.0258633, 0.0698105, 0.100319, 0.0513897, -0.129118, 0.188146, -0.0379163, 0.303893, -0.0830885, -0.106854, 0.0164925, 0.0337376, -0.0541233, -0.00163662, -0.104904, -0.350229, 0.132795, 0.062353, 0.0621704, 0.0759336, -0.0157753, 0.2367, -0.138612, -0.278686, 0.0209187, 0.261065, 0.154392, 0.179998, 0.126815, 0.0165231, -0.0505906, -0.0429186, -0.0681296, -0.37759, 0.0184712, 0.0188124, -0.162438, 0.0555208, -0.0875546, 0.28718, 0.00862765, 0.16618, -0.0720954, 0.0688463, -0.222001, -0.0355268, 0.15034, -0.0508256, -0.133585, -0.0709706, -0.196316, -0.237536, -0.0399176, -0.244535, -0.0185341, 0.120018, 0.174133, 0.192719, -0.059864, 0.0146195, 0.077933, 0.0150354, 0.0443176, 0.246638, -0.413067, 0.248883, -0.0632319, 0.244453, -0.0372092, -0.13819, 0.450528, 0.12767, -0.0527828, 0.0732455, -0.167566, 0.0893203, -0.0484497, 0.140573, -0.159206, 0.198599, -0.0518493, 0.0194476, -0.0540593, -0.0986196, 0.0404975, -0.18579, 0.0530031, -0.231847, -0.185312, -0.135282, -0.0190382, -0.200878, 0.307255, -0.152141, -0.227849, 0.0231912, 0.000767372, -0.00594483, -0.427121, -0.146887, 0.0556711, -0.124062, -0.0215279, -0.044031, 0.532381, -0.162061, -0.0355946, 0.264284, -0.356343, -0.0283314, 0.00847424, -0.301443, 0.0292492, 0.147262, -0.0678436, -0.263072, -0.277931, 0.0553762, 0.230556, 0.470968, 0.0865435, -0.371046, 0.0349399, -0.0507209, -0.0518836, 0.181971, 0.321903, 0.311286, -0.0501156, -0.183862, -0.388091, 0.0272503, 0.184215, 0.149455, -0.20995, 0.124923, -0.0955245, -0.164774, -0.0352867, -0.0159172, 0.249827, 0.268693, -0.126028, -0.0361829, 0.195449, -0.350131, 0.409661, 0.0905856, 0.134254 ],
    [ 1.4105, -0.165393, 1.6271, 0.0346019, 0.0989896, -0.00132786, -0.214271, -0.36368, -0.0625141, -0.0957464, -0.0351572, 0.0718728, -0.0394596, -0.06342, 0.147443, 0.213205, 0.0376161, 0.070134, 0.0560491, -0.188492, -0.0482165, 0.114585, 0.0144831, -0.137621, 0.00114373, 0.0495992, -0.0299388, -0.0647855, -0.189472, -0.00545227, 0.132225, 0.035201, 0.158046, 0.118029, -0.0150018, 0.0719117, -0.00484813, -0.000129303, 0.0953335, 0.448682, -0.226554, -0.396579, -0.191672, -0.00795227, 0.164522, 0.0573165, 0.255306, 0.157972, -0.00959497, -0.154086, -0.195574, -0.0949092, -0.0468123, -0.0195871, 0.0652072, 0.198326, 0.0568288, 0.1055, 0.0849769, -0.203155, -0.00403176, 0.0633002, -0.173061, 0.179047, -0.0178618, -0.265751, 0.135894, 0.1069, -0.210327, 0.121856, -0.0583498, -0.297521, 0.188696, -0.0563246, 0.16019, -0.240944, -0.0308831, 0.0471677, -0.0301763, 0.172529, -0.0337598, -0.171403, 0.121644, -0.0722494, -0.119441, -0.207169, -0.0742677, 0.00319344, 0.0148511, -0.181671, 0.100745, -0.12026, -0.0538543, 0.0675768, -0.0444905, 0.0650595, 0.000866053, -0.0764997, 0.170601, 0.121901, -0.0168445, -0.244621, -0.115396, 0.0891507, -0.126998, -0.0910125, -0.164308, 0.282492, 0.225867, 0.0948999, 0.22328, -0.0251761, 0.0202993, 0.0969873, 0.0276312, 0.0198045, 0.141658, 0.0277073, -0.221259, 0.285777, 0.181234, -0.257278, -0.0768527, 0.0316512, 0.222273, 0.00409254, 0.00416683, 0.223093, 0.0753429, 0.153346, 0.10528, -0.173431, 0.0143829, -0.0702927, 0.393623, -0.106049, -0.116156, -0.0352427, 0.00763178, 0.0343548, -0.0744935, -0.0184962, -0.0298666, -0.0316585, -0.1141, 0.0883472, 0.0841647, -0.0428504, 0.129512, -0.191945, -0.0883996, -0.00555992, 0.0672965, 0.106175, -0.0522462, 0.0140686, 0.102703, 0.0671521, -0.000204677, -0.294348, 0.352615, -0.141134, 0.0719279, 0.0742508, -0.01863, -0.0301005, 0.248749, 0.0498672, -0.0709252, 0.263006, 0.125903, 0.113583, 0.103974, -0.0369368, -0.0135587, 0.315429, -0.0116109, -0.0573778, 0.0404531, 0.0887118, 0.205408, 0.120127, -0.0157142, 0.0543387, -0.154029, 0.268606, 0.183445, -0.00371872, 0.236933, 0.0201409, -0.244076, 0.0475366, 0.0320855, -0.00944626, -0.12245, 0.0241535, 0.0432981, 0.0502437, -0.400323, 0.201668, -0.0882648, -0.0360877 ],
    [ 0.110465, 0.106191, 0.0346019, 0.110093, -0.00447222, -0.000483874, 0.0230388, -0.066814, 0.0246603, -0.0138085, 0.00703253, 0.0209156, 0.00834252, 0.146745, 0.133027, 0.02171, 0.0125626, 0.0134701, 0.0124092, -0.00801129, -0.00986248, 0.0234562, 0.0293404, -0.0147267, 0.00436208, 0.0172147, -0.0139791, 0.00686865, -0.0408943, 0.00392764, -0.0229109, 0.00989962, 0.0309871, 0.0365649, -0.00491959, 0.0166996, -0.0187232, -0.0286927, 0.0282053, 0.0639966, -0.00109744, -0.0676738, -0.00881944, 0.0109257, 0.0240856, 0.0190032, 0.0498619, 0.00741785, -0.0358323, -0.0245548, 0.00575089, -0.0103146, -0.0188724, 0.0035571, -0.00959244, 0.0108763, 0.00697555, -0.00994111, 0.0111501, 0.00988335, 0.0222496, -0.0132559, 0.0208017, 0.00324523, -0.00599253, -0.0088287, 0.0155527, 0.00886443, -0.053522, -0.0342817, 0.0117615, 0.00968919, 0.0457405, -0.0129263, 0.0248241, -0.0232007, -0.0290436, 0.00460259, 0.0118924, -0.00494461, 0.0233177, -0.0262254, -0.00875913, -0.0211862, -0.0152821, -0.00427285, 0.030188, -0.0100862, -0.00350424, 0.0114949, 0.0108559, 0.00111026, -0.00219813, 0.0283551, 0.00286373, -0.00707818, -0.00288464, 0.0128407, 0.0193644, 0.0153094, 0.0133796, -0.0282937, -0.012663, -0.000657642, -0.011771, -0.0189281, 0.0131236, 0.0160202, -0.00948847, -0.0179263, 0.0177123, -0.0243616, -0.0311427, 0.028067, -0.0145253, 0.00773977, -0.00928544, -0.0110074, -0.00935507, 0.0280269, 0.048017, 0.000662415, -0.00226099, 0.0336213, -0.0138316, -0.0205337, -0.0030828, -4.51E-05, 0.0327599, 0.0112655, 0.0234942, 0.00962929, -0.0122377, -0.0173855, 0.00327983, -0.00150475, -0.0318485, 0.00432428, -0.0361295, -0.00894441, -0.030543, -0.00924137, -0.0168208, 0.00265896, -0.016694, 0.0161453, 0.0298409, -0.0351064, -0.0408777, -0.0184229, -0.00637243, -0.040447, 0.0133914, -0.0252393, -0.0110238, -0.0348685, 0.00493817, 0.0136665, -0.001486, 0.0412643, 0.00248983, -0.0112344, 0.0304867, 0.0160096, 0.00316664, 0.0142927, -0.00587478, -0.0116214, -0.0323287, 0.000794024, 0.00212861, -0.0119294, 0.0321786, 0.0217414, 0.033362, -0.00748091, -0.0264781, -0.00873595, 0.0240049, 0.00268105, 0.00411832, -0.0259798, -0.0246688, -5.16E-05, 0.0138601, 0.0412281, -0.00641212, -0.0308527, 0.0396589, -0.00486049, -0.0366237, 0.0154582, -0.00856626, 0.0224391, -0.00334456, -0.0165192, -0.0106759, -0.00251971, -0.045079, 0.0044546, -0.0399125, 0.0119395 ],
    [ -0.0103531, -0.0769238, 0.0989896, -0.00447222, 0.488951, 0.000122898, -0.00857592, 0.119468, 0.0364299, 0.0112889, 0.0254251, 0.0112457, 0.0490759, 0.0204464, 0.0335137, 0.224594, 0.0276937, -0.00989932, -0.0226326, -0.0252497, 0.00317843, -0.024878, -0.0355014, -0.000626208, 0.00444868, 0.0580698, -0.0183624, 0.0294046, 0.0211431, -0.0265181, 0.0310829, 0.0624759, 0.0423866, 0.0428199, -0.00487708, -0.0465464, -0.0484468, 0.0394551, 0.0220079, -0.00834041, -0.0486147, -0.0338448, -0.0543589, 0.0580211, -0.0784379, -0.0189452, 0.0201695, -0.0879578, -0.0172064, 0.0612255, -0.0442943, -0.0437909, -0.0174284, -0.0261761, -0.050091, -0.0793215, 0.0489688, 0.00622567, 0.0107052, 0.0951007, -0.0394846, 0.00537293, -0.00898343, -0.0117204, -0.0338192, 0.0133476, 0.0230817, -0.0118489, 0.0379969, 0.019669, -0.0155491, 0.0212394, 0.0325, -0.0203602, -0.018937, -0.0456257, 0.0679035, 0.0238347, 0.0172171, -0.0226659, -0.0374855, 0.00793748, -0.00158623, -0.0287125, 0.00208103, -0.0224895, 0.0621656, -0.0181769, -0.0174225, 0.0975322, -0.0690927, -0.0115231, 0.0471321, 0.0462295, -0.0499231, -0.0545273, 0.0138318, -0.0345946, -0.0764399, -0.00404181, 0.0551643, 0.0489829, 0.0386459, -0.0423478, 0.0338256, 0.0704941, 0.0176829, -0.0191035, 0.00716111, -0.0162281, -0.015635, -0.00465058, 0.0465954, -0.0101673, -0.0260087, 0.0152103, 0.00308351, 0.0101976, -0.0142085, 0.047293, 0.0376616, -0.038782, 0.0525873, -0.00499033, -0.016539, -0.00410623, -0.0333479, 0.0466695, -0.0695719, -0.0128074, 0.040211, 0.0218222, -0.0173232, -0.0190612, -0.0129523, -0.000630865, -0.00171433, -0.0325655, -0.0796741, -0.0139653, -0.0327346, 0.00499071, 0.00878379, 0.0298529, -0.0285883, -0.0360756, -0.02531, 0.0323424, -0.0275669, 0.0777597, 0.00768743, 0.0296404, -0.00549986, -0.0166892, -0.038314, -0.0443648, 0.0141542, -0.0637418, 0.0268903, 0.0572058, -0.0286342, 0.0389761, 0.0060158, 0.0325656, 0.018616, 0.12132, -0.0329891, 0.00639137, -0.0348681, -0.0178615, 0.0419755, -0.024638, 0.0360542, -0.00478238, -0.0564368, -0.0827107, 0.0928258, -0.0200085, -0.0572793, -0.019954, -0.0604325, 0.0087002, -0.0402418, 0.0297985, 0.0432497, -0.0132522, -0.0499911, 0.013003, -0.0231576, -0.0128018, 0.0298034, -0.00345848, 0.00196601, 0.0514359, 0.0202833, 0.0112785, -0.0381582, -0.0397647, 0.020285, 0.0623069, 0.00206188, -0.0316152 ],
    [ -0.00846057, -0.00784086, -0.00132786, -0.000483874, 0.000122898, 0.000970888, 0.000164553, 0.00215296, -0.00414515, -0.00119777, 0.000815701, -0.000459728, -0.0012871, -0.000559045, -0.00308881, 0.000610608, 0.00248794, 0.00681722, -0.000148304, -0.000264011, 0.000410798, 0.000768197, -4.48E-05, -0.000455682, -0.000570055, 0.000181309, -0.00166618, 0.000616616, -0.00204334, -1.78E-05, 9.57E-05, -0.000865078, 0.000919726, -0.00286705, -0.000233104, -0.00195481, 0.000148928, 0.00151712, -0.00603621, 0.00231521, -0.000970342, 0.000967979, 0.000799691, 0.000411445, 0.00393386, -0.00169403, -0.00219446, 0.00191964, 0.000685908, 0.00238965, 0.000231168, 0.00199729, 0.00299951, -0.000908418, 1.01E-06, -0.00013078, -1.29E-05, 0.00201469, -0.000718315, -0.00541534, -0.00765466, 0.00388697, -0.000234263, -0.00136628, -0.000744841, 0.0021229, 0.00205894, -8.61E-05, 0.00295776, 0.000398582, -0.00572626, 0.00077058, 0.00249896, -0.000904972, 0.00121212, -0.00307302, 0.000292897, -0.00174257, -0.000832116, -0.00265402, -0.00691755, 0.00214427, 0.00263146, -0.00148372, -3.56E-05, -0.000852733, 0.0010185, -0.000957365, -0.00110446, 0.0031505, -0.00595686, 0.00178336, -0.00257406, -0.000984125, -0.000953547, -0.00102508, -0.00226913, 0.00164963, 0.00095521, -0.00314949, -0.00635298, 0.00170854, -0.000506, 0.00168939, 0.000487715, -0.00213825, 0.00271104, 0.00265469, -0.000903953, -0.00475793, -0.00791835, 0.000678461, 0.000562918, -0.000120629, 0.000252288, 0.000922687, -0.000871691, 0.00402018, 0.00026813, 0.000795299, -0.00285902, -0.000660201, -0.000596076, -0.00184712, 0.00234554, -0.000417886, 0.00166538, 0.00142212, -0.00158709, 0.00228111, -0.00135768, 0.00260466, -0.00349489, -0.000961939, -0.000988166, 0.000737658, -0.000688321, -0.000596187, 0.00332744, 0.000107162, 0.00294018, 0.000560775, -0.00158958, 0.0013877, 0.00119286, -0.000747573, 0.00231146, 7.64E-05, -0.000237737, -0.000969118, -0.00144374, 0.00121771, -0.0014652, -0.000159956, 0.00145628, 0.000164809, 0.00454222, -0.00108762, -0.000361332, 0.000988863, 0.00180627, 0.00326654, 0.00113782, 0.00122681, 0.00280507, 0.000917357, 0.00256319, 0.000449571, 0.00312161, -0.000215834, -0.000131169, -0.000156159, -0.00221707, -0.000836231, 0.00415655, 0.00267183, -0.0019045, -0.00207614, -0.0024331, 0.000291009, -0.00165467, -0.000814454, 0.0024965, -0.00048897, -0.00239148, -0.00122037, 0.00207151, 0.00260544, -0.000784058, -0.0042281, -0.00276742, -0.00164776, 0.000320776, -0.00317956, -0.000309063, 0.000264685, 0.000209785, 0.00146985, -0.000592818, -0.0062712, -0.00152952, -0.00126421 ],
    [ -0.41291, -0.0639102, -0.214271, 0.0230388, -0.00857592, 0.000164553, 0.721223, 0.174962, 0.112794, -0.0614351, -0.0212911, -0.0489993, 0.0177372, 0.0662898, -0.0122857, -0.0458137, 0.00495108, -0.0459847, 0.0990411, 0.274381, -0.0232947, -0.123915, -0.00904294, 0.0169512, 0.0140757, 0.0455758, -0.0302996, -0.00505443, 0.0931656, 0.0891546, -0.117501, -0.0014156, 0.0512868, -0.00749174, -0.0142683, -0.0277052, -0.0508725, 0.0295073, -0.165845, 0.03916, 0.0690828, 0.0750206, 0.146013, 0.0162673, -0.0383317, 0.0149468, 0.0200428, -0.110497, -0.032735, 0.047524, 0.110503, 0.104165, -0.0254701, -0.0133222, -0.053821, -0.0511029, -0.0294891, 0.0230315, -0.0227079, 0.241365, -0.0733934, -0.0453427, 0.0323411, -0.105099, -0.0703253, 0.0485696, -0.0252886, -0.084424, 0.0815878, -0.0432097, 0.0187223, 0.0918276, 0.00295238, 0.0778385, -0.108588, 0.0672432, 0.032273, -0.0454109, 0.0830928, -0.0555478, -0.00609285, 0.0642127, -0.00280622, 0.01224, 0.110662, 0.146685, 0.0530369, 0.0108306, 0.0186382, 0.0248144, -0.0499508, -0.0584273, 0.0588216, 0.0773343, -0.100465, 0.0174535, -0.146742, 0.0650055, 0.0215093, -0.0483023, 0.0449839, 0.0523983, 0.0529015, 0.0505647, 0.173391, 0.0435846, 0.0187461, -0.0711682, -0.0786816, -0.0177887, -0.0593327, -0.0840672, 0.0212596, -0.029868, -0.0361359, 0.101825, -0.0549641, 0.0262645, -0.00469165, 0.0427375, -0.0156899, 0.0161944, 0.0241481, 0.0183681, -0.0756989, 0.0255559, -0.0564865, -0.123543, 0.0358938, -0.0292749, -0.0130735, 0.0480341, 0.00728591, -0.00758394, -0.155396, 0.043802, 0.0352848, -0.0890832, -0.0806899, 0.0149556, 0.00392548, -0.00576653, 0.0929619, 0.0930786, -3.05E-05, -0.098969, 0.00754464, -0.0107821, -0.0406492, 0.13255, -0.075415, -0.00622964, -0.0290241, -0.0101277, -0.0117992, -0.13704, 0.0263766, -0.0718896, -0.090792, 0.123093, -0.0590917, 0.0521506, -0.0730585, -0.0186267, 0.121404, 0.00228009, -0.0208287, 0.0563658, -0.00937869, -0.0335218, -0.0313876, -0.0846082, -0.0694862, 0.014421, 0.0961864, -0.115536, 0.0128458, -0.0621426, -0.0620012, -0.109608, -0.0449958, 0.00758511, -0.0256669, -0.064802, 0.0796679, 0.0284428, -0.0785967, -0.0280374, 0.0294559, 0.0700771, -0.000822788, 0.0711077, -0.00745735, -0.0429832, 0.0584745, 0.0238267, -0.0517325, -0.0679767, 0.19813, -0.0404885, -0.0751732, -0.037008 ],
    [ -0.81788, -0.448045, -0.36368, -0.066814, 0.119468, 0.00215296, 0.174962, 0.960119, -0.134405, -0.00510793, -0.0447894, -0.052056, -0.0394535, 0.016173, -0.196714, -0.00519676, 0.0819848, -0.0931569, -0.00173937, 0.115654, 0.108722, -0.0951441, -0.0453414, 0.131079, -0.0224161, 0.032789, 0.00657425, -0.0179784, 0.105108, -0.0796086, -0.0103874, -0.0924197, 0.0694301, -0.00572667, 0.0456559, -0.0873704, -0.00986505, -0.0244973, -0.162219, -0.276578, 0.0872167, 0.154206, 0.196878, 0.0015093, -0.104771, 0.0163782, -0.131611, -0.248122, -0.0171765, 0.124828, 0.0185311, 0.148378, 0.0302661, 0.0277207, -0.0697602, -0.0988258, -0.0761962, -0.025588, -0.0471778, 0.0818946, -0.0336309, 0.109615, 0.0829021, -0.0536846, 0.0560518, 0.20424, -0.0945253, -0.0496138, 0.0463646, 0.0454919, -0.0865307, 0.109367, -0.119523, 0.00387381, -0.147989, 0.224673, 0.070739, 0.00424307, -0.120033, -0.165113, -0.0578291, 0.0962121, -0.218717, -0.00128334, 0.0460633, 0.170826, 0.0751523, -0.0400099, -0.0176302, 0.133595, -0.0137905, -0.0127505, 0.011035, -0.0551953, -0.134088, -0.0168997, -0.0166121, 0.0459026, -0.125021, -0.141209, -0.00940737, 0.111827, 0.0660557, 0.00755103, 0.074943, 0.0579426, 0.0131207, -0.223262, -0.140316, -0.014597, -0.109351, 0.168396, 0.0335766, -0.0625441, 0.0329807, 0.103082, -0.0213659, 0.063894, 0.00442548, -0.132785, -0.104421, 0.0407489, 0.0324646, -0.00228097, -0.081067, 0.0403669, 0.0193783, -0.0289325, 0.0267835, -0.13538, 0.0121141, 0.0689534, -0.0801035, 0.00238876, -0.0923786, -0.00760229, 0.181352, -0.0256146, 0.0256541, -0.0219089, 0.0456593, 0.0385541, -0.0356363, 0.00942145, 0.258512, -0.126729, -0.0956873, 0.146129, 0.028386, 0.0935212, 0.115596, 0.0593544, -0.0249524, -0.0235407, 0.0650591, -0.00925249, -0.0846348, -0.0630404, 0.0969372, 0.188287, -0.223716, 0.0569256, -0.0218293, 0.00174508, 0.0605646, -0.0549144, -0.278191, 0.00794877, 0.128738, -0.0400788, 0.0387253, -0.0971047, -0.149188, 0.0030072, -0.0359647, -0.171582, 0.0493966, 0.0719203, -0.103089, -0.15835, -0.146852, 0.014444, 0.0512726, 0.0599008, 0.081339, -0.142706, -0.0188706, 0.0960567, -0.0766477, 0.119296, 0.193182, -0.0465812, -0.0531986, -0.022701, 0.0844266, 0.0313959, 0.0140573, -0.0906657, 0.285725, -0.0660139, 0.0445978, -0.0585365 ],
    [ 0.0304081, 0.204543, -0.0625141, 0.0246603, 0.0364299, -0.00414515, 0.112794, -0.134405, 0.730521, 0.00975185, -0.0456422, 0.0949815, 0.10667, 0.0669473, 0.00931616, 0.0552263, -0.020568, -0.0319771, 0.0941948, 0.0477992, -0.0443743, 0.00842526, 0.0312722, -0.0826353, 0.103366, 0.00836471, -0.0234044, -0.0359743, -0.000592567, 0.141191, -0.0517371, 0.100243, -0.0733296, -0.0700973, -0.0108961, 0.0112666, -0.0192161, -0.0285541, 0.0608856, -0.0503397, 0.0669165, -0.0128465, 0.014483, -0.107394, -0.0436886, 0.0947291, -0.0444518, -0.0800787, -0.0233694, 0.0203091, 0.0792931, -0.0250565, 0.0275035, -0.0290506, -0.0392276, 0.0443044, 0.0187027, -0.0305413, 0.0317815, 0.132625, 0.0799981, -0.12797, 0.039518, -0.0944889, -0.160717, 0.0127117, 0.0293037, -0.0252232, -0.00926415, -0.0680728, 0.0698421, -0.013548, -0.0353476, 0.113422, -0.0955905, 0.0145685, -0.0484381, 0.0227228, 0.137232, 0.0796421, 0.12918, 0.00764974, 0.0453549, 0.00712008, 0.0203569, 0.0140805, 0.0593942, 0.0180719, -0.00626266, 0.0307105, -0.0622548, -0.0354859, 0.218919, -0.0145517, 0.0128633, 0.074824, -0.0742528, 0.0249937, 0.0873624, 0.109362, 0.0985523, 0.139325, -0.0168256, -0.0532524, 0.0811543, 0.111867, 0.0169724, -0.0252916, -0.0845549, 0.103594, 0.00228196, 0.0376353, -0.0357961, -0.00065076, -0.0407857, -0.00935039, 0.0605119, -0.109214, 0.152536, 0.0243494, 0.00991426, -0.00275328, 0.033112, 0.147336, -0.0743146, -0.0362984, -0.0544152, -0.198985, -0.114128, 0.00629315, 0.0658914, -0.101042, 0.135578, 0.00211505, -0.132237, 0.128702, -0.0227146, 0.0305434, -0.0735308, 0.000865443, -0.044662, -0.00203785, 0.106697, -0.0216815, -0.0475983, -0.0207695, -0.0534188, -0.0230663, 0.0311773, 0.155372, 0.102475, -0.164001, -0.0191947, -0.0112643, -0.0314365, -0.0155726, 0.0213966, 0.0805174, -0.103429, 0.0386174, 0.00846593, -0.0058232, -0.0700578, -0.10127, -0.089152, 0.022033, -0.00389525, -0.00242787, -0.159713, -0.013283, -0.00116962, -0.0481955, 0.0504984, 0.00954958, 0.00705879, -0.125949, 0.0626482, -0.0411042, 0.0398835, 0.0214616, -0.0280932, -0.0174052, -0.0725424, -0.0428807, 0.0456813, 0.11534, -0.164173, 0.013016, 0.00584858, 0.123565, -0.0800611, 0.142149, 0.145945, 0.0765722, -0.0302024, -0.0237067, -0.0930121, -0.0795876, 0.151638, 0.11074, -0.0410298, 0.115992 ],
    [ -0.083897, 0.00945336, -0.0957464, -0.0138085, 0.0112889, -0.00119777, -0.0614351, -0.00510793, 0.00975185, 0.94055, 0.0528283, -0.0588634, 0.0773549, -0.023111, 0.000261152, 0.0516683, 0.0110704, 0.0250945, -0.0417022, 0.0540901, -0.0126273, -0.0216462, -0.0285748, 0.0198377, 0.00234533, -0.109739, 0.258909, 0.0434135, -0.0399436, 0.0291769, -0.00343287, 0.0399517, -0.0897575, -0.0190281, 0.00113396, 0.08101, 0.0882506, 0.024773, 0.00502988, -0.0596819, 0.0512895, 0.0890715, -0.0519014, -0.0595952, 0.0631112, -0.0829329, -0.071475, -0.0371106, 0.0510928, 0.0435159, 0.00462503, -0.0321182, 0.00885108, -0.047808, -0.0167386, 0.0200453, 0.0197631, 0.0532733, 0.0373512, -0.254275, -0.0090645, 0.0538609, 0.0159105, 0.0534051, 0.0554069, -0.0665089, -0.0404426, -0.0769825, 0.024621, -0.152672, 0.0145935, 0.0250087, -0.0256536, 0.0788438, -0.0610216, -0.0355725, 0.0693975, -0.0539315, 0.040951, 0.0801062, 0.0427316, 0.00464142, 0.0259597, -0.00261166, -0.0777367, -0.0975409, -0.0767233, -0.0746668, 0.00485439, 0.0970613, -0.0519087, 0.110729, -0.127184, -0.0312454, 0.011586, -0.047642, -0.00785213, -0.0314974, -0.0372417, 0.0168304, -0.0564545, 0.108461, -0.00771546, 0.0836281, 0.0140935, 0.0221407, -0.0179672, -0.0648357, -0.029293, 0.0267016, -0.065082, 0.0248399, 0.105811, 0.00688406, -0.0163179, -0.0443822, 0.0568146, 0.0736722, -0.0355179, -0.165428, 0.0124594, 0.0119265, -0.0193219, -0.00675795, -0.0840196, 0.0141862, 0.0301218, -0.143967, 0.0272717, -0.0603037, -0.0119522, -0.0219513, -0.0568963, 0.0376851, -0.202067, -0.0286558, 0.0574072, 0.107813, 0.0173463, -0.0154367, 0.134433, -0.00751733, -0.0136448, 0.103049, 0.121514, -0.0421623, 0.0322431, 0.0587685, 0.0913752, 0.061811, 0.115289, -0.0180204, -0.0888217, -0.00396761, 0.0797902, 0.0740174, -0.0181471, 0.0378712, 0.0362968, 0.0352216, -0.0205504, 0.150048, -0.0752403, -0.0315167, 0.0703124, 0.05511, 0.0712453, -0.0054349, 0.0274216, 0.00306225, -0.0254062, -0.00306998, -0.0289478, -0.0127522, -0.0322499, -0.0551546, 0.0276065, -0.0136423, -0.00771229, 0.116246, -0.0122892, 0.00477186, 0.0443314, 0.0376491, -0.075089, -0.050343, -0.0822855, 0.0984139, 0.0463086, -0.051467, -0.0533839, -0.00873989, -0.0757111, 0.00858646, -0.0507224, -0.0238803, 0.0270138, -0.070742, 0.0585974, -0.0622664, 0.108483, 0.03261 ],
    [ 0.00247411, -0.0338729, -0.0351572, 0.00703253, 0.0254251, 0.000815701, -0.0212911, -0.0447894, -0.0456422, 0.0528283, 0.380658, -0.0026303, -0.0335555, 0.0333813, -0.000667333, 0.0250731, -0.0353544, 0.00351808, -0.00217105, -0.0525279, 0.0121214, -0.0201497, -0.0319522, -0.0245533, -0.00481457, -0.0320735, 0.0246661, 0.375545, 0.0332482, 0.040113, -0.0344132, -0.0288291, -0.034568, 0.0555076, 0.0102382, -6.71E-05, 0.0675865, 0.0194958, -0.078349, 0.045136, -0.00959786, 0.0153621, -0.101399, 0.0491048, 0.0597397, -0.042915, -0.0374131, 0.0640927, 0.0268445, 0.0587462, 0.0265996, -0.0520308, -0.016866, -0.00391533, -0.00374893, -0.00905345, 0.0403595, 0.0234295, -0.0169807, -0.067403, -0.0782243, 0.0398309, -0.00649815, 0.0608145, 0.0335146, -0.0303479, 0.0298437, -0.0310712, 0.0367927, -0.0219616, -0.0273742, 0.0172271, -0.0478517, -0.0449313, 0.0159147, -0.031445, -0.00844903, -0.0241464, -0.00548702, 0.00706734, -0.0494408, -0.0146667, 0.0459466, 0.0616723, -0.0691363, -0.0462966, 0.0772333, -0.0164403, 0.0113329, 0.0798037, -0.0408808, -0.0362191, -0.05429, 0.0235239, -0.0771618, -0.0286826, -0.0179715, 0.0293783, -0.0728882, -0.0019322, -0.0201314, -0.022343, -0.022282, 0.0690324, -0.0448421, -0.0200094, 0.0248448, 0.0381775, 0.0366498, -0.107154, -0.00556166, -0.0226314, -0.0776908, -0.0399956, 0.0102528, -0.0909508, -0.0639324, 0.0422994, -0.000329957, 0.0466813, 0.0626386, 0.00344494, 0.0950056, -0.0393998, 0.0137017, -0.00446973, -0.0195199, 0.0486029, 0.0437601, 0.0148635, -0.0674661, 0.0321682, -0.0693662, -0.0593086, 0.0932344, -0.024685, -0.0269417, 0.0669107, 0.035107, -0.0120935, 0.02252, 0.107948, -0.0415301, 0.0778133, 0.053618, -0.0492423, 0.0525625, -0.0125979, -0.0472969, -0.0329169, -0.0118519, 0.0918535, 0.0444498, -0.0119998, 0.0177172, 0.0040803, -0.0408335, -0.0561268, 0.0220808, -0.0519027, 0.0469001, 0.122323, 0.0841846, 0.0847514, 0.0267672, 0.0541311, 0.0629208, 0.00251593, 0.0301542, -0.031458, 0.0115087, 0.0385085, 0.0724657, -0.0369217, 0.0705593, -0.0059224, 0.0136834, -0.00378415, -0.0176401, -0.00904838, -0.00916849, -0.00431318, 0.0217737, 0.0425796, -0.00411669, -0.0481271, -0.015725, -0.0396494, 0.0226985, -0.0522948, -0.0345403, -0.0158894, -0.0675483, -0.0237992, -0.023581, 0.0059493, 0.025583, -0.0338158, -0.050338, -0.0213231, 0.00931686, -0.0447248 ],
    [ 0.128563, 0.0197607, 0.0718728, 0.0209156, 0.0112457, -0.000459728, -0.0489993, -0.052056, 0.0949815, -0.0588634, -0.0026303, 0.466883, 0.0608849, 0.0225055, 0.0523901, 0.00220598, 0.00211125, -0.0683589, 0.0128996, 0.000700465, 0.00395493, -3.47E-05, -0.00121287, -0.0298472, 0.012829, -0.0459267, -0.0228201, -0.00523095, -0.026606, 0.126457, 0.019036, 0.0802886, 0.0537313, 0.00177977, 0.00259878, 0.0579526, -0.111027, -0.0214953, 0.112079, -0.0307924, -0.0987757, 0.00489628, -0.0436619, -0.0560551, 0.0165345, 0.117681, -0.00316438, 0.0369343, -0.0261238, -0.0311618, -0.072479, -0.0365974, 0.0232846, -0.00899498, 0.0328748, 0.0285718, 0.0658962, 0.00531105, -0.0132977, 0.0580968, -0.0118879, -0.0744274, 0.0408807, 0.0346195, -0.0551471, -0.00292237, 0.00704194, 0.0225025, -0.104299, -0.052154, -0.0206828, -0.0377932, 0.0123266, 0.000363122, 0.0678163, -0.0292692, 0.00245524, 0.0276181, 0.0105426, -0.00659879, 0.0425334, 0.0173908, 0.0243993, -0.00268453, 0.00592206, -0.0130323, -0.0505112, 0.00288747, -0.0901084, -0.000780196, -0.0460707, 0.0483046, 0.0314363, -0.00903523, 0.0784795, -0.0133166, -0.0215227, -0.0242223, -0.0210396, 0.0801585, 0.0334297, -0.00982777, 0.00552716, -0.0719187, -0.00455047, 0.0609102, -0.0260469, 0.0101852, -0.036599, 0.0826071, -0.0156188, 0.00343068, 0.0167035, -0.00170727, 0.0356946, 0.0195946, 0.0223, -0.100168, -0.0258159, -0.0127678, 0.00280847, 0.0123497, 0.0159786, 0.00234529, 0.0121847, -0.107671, -0.05907, -0.0818801, -0.0214, 0.00775511, 0.0718541, -0.0443876, 0.0779949, 0.00787084, -0.039667, 0.0460023, -0.0448389, 0.0232215, -0.0375744, -0.115651, -0.055562, -0.0790533, -0.00358533, -0.11439, -0.0486652, 0.0949115, 0.00602879, -0.00467935, 0.0556754, 0.0109297, 0.0747216, -0.0587652, -0.0710082, -0.0358938, -0.0372535, -0.02396, 0.0589802, 0.0604878, 0.00918605, 0.0110192, 0.0784339, -0.125039, 0.034516, -0.0883989, -0.020626, 0.0260977, 0.0524496, -0.077395, -0.0936632, 0.00562604, 0.0513526, 0.0163005, 0.0300822, -0.0150825, -0.0675439, -0.0141792, 0.103819, -0.0331438, -0.0050749, 0.0603118, 0.0288173, -0.0435957, -0.0356994, -0.0209024, 0.0414224, 0.120019, -0.0440397, 0.0183446, 0.0185614, 0.0216075, -0.00854993, 0.0120813, 0.017873, 0.0264207, -0.0215162, -0.0613235, -0.0563877, 0.0845386, -0.0336832, 0.109923, 0.0696972, 0.0572957 ],
    [ 0.236094, 0.332627, -0.0394596, 0.00834252, 0.0490759, -0.0012871, 0.0177372, -0.0394535, 0.10667, 0.0773549, -0.0335555, 0.0608849, 0.447576, 0.00844229, 0.0382772, 0.00301144, -0.00884944, 0.040153, -0.0155912, 0.0367679, -0.0292179, -0.0230534, -0.0255373, -0.0132176, 0.014516, -0.0340256, 0.0108652, -0.0310845, -0.0609623, 0.0700698, -0.0234845, 0.322637, -0.000287581, 0.00172664, -0.0496843, 0.00888927, -0.0037333, -0.0377423, 0.0582822, 0.00628088, -0.020558, -0.0247095, -0.0541041, -0.00139518, 0.000243117, 0.0202254, -0.0348714, -0.0156766, -0.0380409, -0.0384398, -0.0514962, -0.0149998, 0.0119291, -0.00764561, 0.000579066, 0.0260165, 0.0288747, 0.0152137, 0.0310272, 0.0242111, 0.052733, -0.0152752, 0.057129, -0.0290051, -0.049677, 0.00250181, 0.0225019, -0.092228, -0.0837756, -0.0213447, 0.0502736, 0.028874, 0.00679703, 0.0750342, 0.0282957, -0.0398029, 0.00354671, -0.0659731, 0.0560254, 0.0772164, 0.0976592, 0.0221376, 0.0308102, -0.0196122, -0.00612081, -0.0183533, -0.0832449, -0.0780214, -0.0526273, -0.0182338, -0.0714106, 0.0460917, 0.118376, -0.0268636, 0.094662, 0.0300467, -0.0213139, -0.075196, 0.0546386, 0.0493242, 0.0429299, 0.0706856, -0.0205196, -0.0868835, 0.043789, 0.0652105, 0.0134012, -0.0551155, -0.00354564, 0.135093, 0.0095381, -0.0274967, 0.0385088, 0.0187539, -0.0344347, 0.0560672, 0.0582412, -0.151321, 0.0893381, -0.012979, 0.0196785, 0.00155331, -0.0226394, 0.0843579, -0.070453, -0.0127751, -0.0118617, -0.157821, -0.0383986, -0.04885, 0.0585923, -0.0961609, 0.0760087, 0.00736081, -0.0695681, 0.0855071, -0.00607095, -0.0309304, -0.128221, 0.00819757, -0.0194266, -0.0773237, -0.00942126, -0.0272184, -0.123447, 0.0494605, 0.0299848, -0.00122376, 0.0297626, 0.0553584, 0.0663241, -0.108885, -0.0721201, 0.00663339, -0.0025014, 0.0233326, 0.0265531, 0.102821, 0.00926763, 0.060338, -0.0657231, -0.0941754, -0.0458327, -0.0979093, -0.0447287, 0.0668082, 0.000726125, -0.00116072, -0.100237, -0.0253638, -0.0489812, 0.0626922, 0.0734766, -0.0369529, -0.127517, 0.00259455, 0.0483097, -0.0099807, 0.0050583, 0.0851728, 0.0174464, -0.00551177, -0.020566, -0.0440378, -0.0177013, 0.124265, -0.0736293, 0.00793647, 0.0213348, 0.0636082, -0.0721313, 0.0346337, 0.02108, 0.0439863, -0.0682233, -0.0156309, -0.0307264, 0.0996087, -0.0128867, 0.0894463, 0.00353023, 0.00444821 ],
    [ -0.060894, 0.0527417, -0.06342, 0.146745, 0.0204464, -0.000559045, 0.0662898, 0.016173, 0.0669473, -0.023111, 0.0333813, 0.0225055, 0.00844229, 0.530565, -0.0982964, 0.00866309, 0.0691135, 0.0112803, 0.0255429, 0.0190736, 0.00302568, -0.00142007, 0.0499781, -0.0550563, 0.0131735, 0.0479673, -0.0188339, 0.0377088, -0.0566938, 0.0323954, -0.0533734, 0.0220159, 0.0336548, 0.0743156, -0.00170401, 0.0431818, 0.0347436, 0.00236843, -0.0784419, 0.0363717, 0.0471615, 0.0149283, 0.0389439, -0.0248846, -0.00732608, 0.00755673, -0.0137396, -0.013166, -0.106364, -0.0526627, -0.0750861, -0.0188811, -0.0199345, 0.0177484, -0.0307188, -0.0279342, -0.00983941, -0.00724809, 0.0119233, 0.0520557, -0.00030234, -0.0660737, 0.0611261, 0.0278257, 0.0258029, 0.0249934, 0.0100898, 0.0129507, 0.00329545, -0.130479, 0.0030488, 0.0640683, -0.0156647, 0.0103027, -0.0155604, 0.0251283, -0.0425034, -0.0227692, -0.00293073, -0.0465265, 0.0381862, 0.000932945, -0.0583327, 0.0246461, -0.0338243, 0.0448565, 0.110395, -0.013968, -0.0287272, 0.0579252, -0.0325473, 0.0336208, 0.0297478, 0.0592107, -0.0594748, -0.0348527, -0.0313573, 0.0892526, -0.0322905, 0.0469651, 0.0221962, 0.0385541, 0.0230065, 0.0417114, 0.0323054, -0.0283539, 0.0975605, -0.012726, -0.0916053, -0.0942211, 0.0219353, 0.0416159, -0.0247079, 0.0155094, -0.00975179, 0.020656, -0.0347762, 0.0218827, 0.0127933, 0.0336879, 0.000398468, 0.0344087, -0.00789906, 0.0742554, -0.11916, -0.0177277, -0.0185608, -0.0534663, -0.00688322, -0.0556789, -0.0125308, 0.0848242, 0.0020571, 0.0445994, -0.027412, 0.029436, 0.0122736, 0.00536426, -0.0715825, -0.0237173, -0.0364685, 0.0676554, 0.000210433, -0.000210315, 0.0435614, -0.0177862, -0.00661022, -0.0186808, -0.0132772, 0.033234, 0.0438772, -0.0511782, 0.00370953, -0.067438, 0.019425, -0.0558352, 0.0290363, 0.00237055, 0.0596803, 0.141448, -0.053417, 0.0269536, 0.0671406, 0.0573903, 0.0687792, 0.0407374, -0.0912377, -0.00617277, -0.0229142, 0.0223395, 0.0119608, -0.0640027, 0.00645686, 0.059271, 0.0566105, -0.0453636, 0.0321392, 0.0302837, -0.00131203, 0.0105692, -0.0521734, -0.058147, -0.0235885, -0.00921, 0.0136126, -0.0398763, -0.0378484, -0.00980817, 0.0528316, 0.0137335, -0.03533, 0.0268705, 0.0386998, -0.00296125, 0.0271702, -0.0191829, -0.0031816, -0.016086, 0.0568761, -0.0253143, -0.0194473, 0.0231655 ],
    [ 0.410983, 0.285996, 0.147443, 0.133027, 0.0335137, -0.00308881, -0.0122857, -0.196714, 0.00931616, 0.000261152, -0.000667333, 0.0523901, 0.0382772, -0.0982964, 0.562547, 0.0208474, -0.0925305, 0.00952255, -0.0358838, -0.0259451, -0.0221392, 0.0514769, 0.010996, 0.0216446, 0.000568652, -0.00888182, -0.00934461, -0.00398474, -0.0758057, -0.024234, 0.0136638, 0.0666381, 0.0629677, 0.0479392, -0.0250989, 0.0123459, -0.113633, -0.0866939, 0.18876, 0.149477, -0.0523928, -0.225959, -0.0961693, 0.0888495, 0.0744698, 0.0597188, 0.127435, 0.0617377, 0.00476246, -0.0288744, 0.0915267, -0.0333861, -0.0418137, 0.00178974, -0.0257405, 0.0383078, 0.0433938, -0.0210065, 0.0258163, 0.0143048, 0.053037, 0.0397301, -0.0212342, 0.0221218, -0.0323908, -0.0418187, 0.0641813, 0.00255527, -0.142243, 0.0663984, 0.0292424, -0.0321249, 0.139473, -0.0497408, 0.0805018, -0.0894927, -0.0577686, 0.0826317, 0.0934965, 0.0566551, 0.0254981, -0.0571076, 0.0361342, -0.0697925, -0.0188689, -0.068262, -0.0536822, 0.00753821, 0.0370178, -0.0515935, 0.0448221, -0.0519899, -0.0286355, 0.0489692, 0.0663912, -0.00590283, 0.0217184, -0.0557504, 0.0711162, -0.00460195, 0.0725524, -0.121279, -0.0753941, -0.0323408, -0.0582867, 0.00765685, -0.0550664, 0.0972419, 0.0711994, 0.0977174, 0.00710343, -0.107205, -0.0570354, 0.0302038, -0.0283984, 0.00324096, 0.0536521, -0.0862398, -0.0239821, 0.00249061, 0.153443, -0.0398692, 0.0111364, 0.0321077, 0.0582698, -0.0373096, -0.00889671, 0.0362021, 0.0621699, 0.0788823, 0.0886323, -0.0444463, 0.00268591, -0.0948569, 0.0592794, -0.0294621, -0.0973536, -0.0139882, -0.0749046, 0.00504783, -0.0627574, -0.113482, -0.0576599, -0.0363083, -0.0833425, 0.0711504, 0.105598, -0.0635985, -0.11473, -0.0595062, -0.0575121, -0.0127309, 0.030447, 0.00857206, -0.0399969, -0.0640595, -0.0140726, 0.0150646, -0.0736146, -0.0292034, 0.0754816, -0.0900354, 0.0296983, 0.0126228, -0.0712156, 0.015672, 0.0813104, -0.0127337, -0.0764755, 0.00433551, 0.0043383, 0.0318912, 0.105301, -0.0235051, -0.0255886, 0.019023, -0.0981037, -0.044664, 0.103169, -0.00339767, 0.0537624, -0.00837885, -0.0282114, -0.0110979, 0.0345989, 0.124388, -0.00834501, -0.0863005, 0.0347866, 0.0123657, -0.068291, -0.00635981, -0.0316151, 0.0812472, -0.0211215, -0.0231189, -0.0373491, 0.026002, -0.198564, 0.0723624, -0.101162, -0.00612635 ],
    [ 0.173904, -0.044493, 0.213205, 0.02171, 0.224594, 0.000610608, -0.0458137, -0.00519676, 0.0552263, 0.0516683, 0.0250731, 0.00220598, 0.00301144, 0.00866309, 0.0208474, 0.571906, -0.152237, -0.0441871, 0.0143772, -0.0484546, -0.0106164, 0.0178453, -0.0469959, -0.0350008, 0.00856467, 0.0262328, -0.0048568, 0.0270226, -0.00272134, -0.0774086, 0.0206797, -0.00777287, -0.0499091, 0.0198062, 0.0324662, 0.00111668, 0.0322434, -0.0102585, 0.0280874, 0.0193649, -0.0431696, -0.118467, -0.061131, 0.0118915, 0.00764819, -0.0300067, 0.0380892, -0.047419, -0.0885645, 0.00787324, 0.0166606, -0.0537644, -0.0213798, -0.0357577, -0.0220749, -0.01635, 0.0402672, 0.0346598, 0.0144933, 0.0066644, -0.000781898, -0.00535633, -0.00188815, 0.00708324, 0.0343182, -0.027165, 0.0214308, -0.046622, -0.0384256, 0.022646, -0.049451, -0.0172636, 0.0103664, -0.00355811, -0.0387143, -0.0223129, -0.00297339, 0.0275803, 0.00678421, 0.00368447, -0.0520047, 0.0221131, 0.0229158, 0.0121994, -0.0506384, -0.0381592, 0.0662578, -0.0298337, 0.0222472, 0.0380778, -0.0114675, -0.0431577, 0.0309439, 0.0139627, -0.0366524, -0.00165097, -0.00415532, -0.0272909, 0.0660547, 0.00128276, -0.0624098, -0.00234518, -0.0147972, -0.0264195, -0.00155238, 0.0437331, -0.0732682, 0.0130981, 0.0155746, -0.0375484, 0.00402208, -0.00913381, -0.0197463, 0.052631, -0.0891092, 0.0486141, 0.0382801, 0.033551, -0.0353655, 0.0949617, 0.103687, -0.0609432, 0.0218704, 0.0506484, 0.0178934, -0.0243838, -0.0104939, 0.0464648, -0.00851406, -0.0473042, 0.0440116, -0.0417878, -0.0317773, -0.0222487, 0.043511, -0.00130844, -0.0481612, -0.0403936, -0.00864987, -0.00768256, -0.0222776, -0.0105925, -0.0237077, 0.0299906, -0.0143971, 0.00332049, -0.0598403, -0.0153629, -0.0266066, -0.0450248, -0.107536, 0.0251488, -0.0199943, -0.0191424, -0.0408838, -0.00788691, -0.0687987, 0.00599376, -0.0348913, -0.0320299, -0.00233884, 0.0229442, -0.0130173, 0.0529063, 0.0194941, 0.0258103, -0.0210813, -0.0215307, -0.0218089, 0.0808234, 0.0102973, 0.00114859, 0.0754241, -0.0261618, 0.0417345, -0.0336621, -0.0242677, -0.0390718, -0.0534973, -0.070902, 0.0298769, -0.00107952, -0.0687038, 0.000664373, -0.0509259, 0.0942663, 0.0684961, 0.053992, -0.0382945, -0.0265886, 0.0340812, 0.0155392, -0.0420575, 0.0731675, 0.0115466, -0.0247129, -0.019885, -0.0451861, -0.0119761, 0.0630964, -0.024953, 0.0403892 ],
    [ -0.200758, -0.136913, 0.0376161, 0.0125626, 0.0276937, 0.00248794, 0.00495108, 0.0819848, -0.020568, 0.0110704, -0.0353544, 0.00211125, -0.00884944, 0.0691135, -0.0925305, -0.152237, 0.789105, 0.115159, 0.0778535, -0.0364199, -0.0215899, -0.0424458, 0.00979977, -0.00230568, -0.00249326, -0.0558796, -0.00257614, -0.0216487, -0.0405827, 0.0598728, -0.0240426, -0.0278431, 0.109584, -0.0310571, 0.0413053, 0.02166, -0.0444283, 0.0158639, -0.0744029, -0.0719694, 0.0247803, 0.0579329, 0.00889021, -0.0666401, -0.0151228, -0.00367728, -0.0527587, -0.106411, 0.00978728, -0.0930818, -0.0492966, 0.0899568, -0.00897932, 0.0134686, -0.0105023, -0.0109696, -0.0511963, -0.0288837, -0.0739739, -0.0374971, -0.013966, 0.0595654, -0.0145687, -0.08628, 0.00698113, 0.092245, -0.123381, 0.0184102, -0.0652346, -0.104072, -0.0070859, 0.0100179, -0.0260756, 0.045363, -0.0128425, 0.0375946, 0.0718887, -0.0260211, -0.0736592, -0.021158, 0.0466407, 0.00316026, -0.0878384, -0.048373, 0.0251571, 0.0265791, 0.0382436, 0.0195997, -0.0698078, 0.102031, -0.00723831, 0.0450395, 0.00841856, -0.0228171, -0.0403325, 0.0371274, -0.025757, -0.00155391, 0.0251077, 0.0535655, -0.0404671, 0.020297, 0.125697, 0.0184273, 0.0644328, -0.0341202, -0.00622066, -0.073879, -0.102052, -0.0341288, -0.00836895, 0.0961058, 0.0417765, 0.0212649, 0.00461222, 0.0652797, -0.00549485, 0.0485793, 0.0386905, -0.128231, -0.109976, -0.0327176, -0.0240014, -0.0259555, 0.036961, 0.0222081, -0.0175014, -0.0117725, 0.0274341, 0.00995567, -0.0645062, -0.018254, 0.0233033, 0.0228085, -0.0376024, 0.0449623, 0.0826074, -0.0535562, -0.0465631, -0.00800905, -0.0366215, 0.0257892, 0.0576944, 0.0724349, -0.0741192, -0.0545972, 0.0575864, -0.0200312, 0.0195776, 0.0656871, 0.0379406, -0.157576, 0.0614898, -0.017896, 0.00455428, -0.0435952, 0.0556472, 0.0269268, 0.0799443, 0.238404, -0.0710259, 0.0844672, 0.00131784, -0.0619662, 0.0598767, -0.0217346, -0.123694, 0.0173958, -0.0122692, -0.0938514, 0.111478, -0.0702494, -0.049524, 0.00593615, 0.0467879, -0.0368467, 0.105042, 0.0424685, -0.0289473, 0.0255839, -0.107929, 0.0150285, -0.0317339, -0.0446181, 0.0960886, -0.04713, -0.0456969, -0.0112801, 0.0266242, -0.0129918, -0.0336057, -0.000608241, -0.0293837, -0.0588079, -0.0208472, 0.00667959, -0.0049932, -0.072591, 0.111158, -0.0741013, 0.088144, -0.0580375 ],
