{ "inv_metric": [ [ 1.1073, 0.680547, 0.233223, 0.00915139, -0.0658241, -0.00359533, -0.0680396, 0.0439159, 0.0544085, 0.000780068, -0.127216, -0.0222327, 0.0792677, -0.0137376, 0.0581931, -0.0910679, 0.126874, 0.0236229, 0.0754243, -0.0381614, 0.0333227, -0.0320831, 0.0695528, -0.0526388, 0.00707813, 0.12973, -0.0158607, -0.143433, 0.020725, 0.00220208, -0.0684852, -0.00181702, -0.00160246, -0.0465564, 0.0702364, 0.0386316, -0.182021, -0.00823376, -0.0633409, -0.0401732, 0.145875, 0.231909, 0.0668251, -0.126027, 0.0092551, -0.0128247, 0.223658, -0.0586956, -0.102326, 0.0908986, 0.00492572, 0.0447796, 0.0787747, 0.0199959, 0.0431159, -0.04008, 0.115629, 0.0782908, -0.0515244, 0.110667, 0.042444, -0.174974, 0.00211857, -0.0182575, -0.175649, -0.0181504, 0.00440014, -0.109193, -0.202295, -0.019926, 0.00208236, -0.146335, -0.026327, -0.120562, -0.0941824, -0.120697, -0.205389, -0.0813501, 0.052574, 0.00893606, 0.0113275, 0.104037, 0.0626856, -0.0334053, -0.15339, -0.104026, 0.0390525, -0.126117, 0.0878432, 0.127424, -0.025709, -0.0798881, 0.024119, -0.098366, -0.0981637, -0.142152, -0.0769903, -0.136142, 0.0692925, 0.106013, 0.0157845, 0.0834554, -0.192582, 0.0408119, 0.111638, 0.0872493, 0.0752247, -0.111696, 0.269451, -0.0484919, 0.131248, 0.00189079, 0.0239615, 0.0589261, 0.0696135, 0.00557278, -0.0885198, 0.0282542, -0.066237, -0.143588, 0.0064193, 0.0405223, 0.0244232, -0.0352312, 0.0170758, 0.0144408, -0.0451999, -0.0261074, 0.00416333, -0.0481854, -0.0396914, -0.0466647, 0.100456, 0.0256082, -0.141446, 0.0973907, -0.0462799, -0.015921, 0.24556, 0.0425748, -0.0352008, 0.0760106, -0.0289412, 0.135277, 0.072495, -0.135778, -0.263973, -0.120697, -0.0685982, 0.048165, -0.0268417, 0.098388, -7.85E-06, -0.017531, -0.0397146, -0.0661714, 0.151018, 0.115571, -0.0743983, -0.058809, 0.0412279, 0.135767, -0.172064, 0.072626, -0.0116097, -0.129558, 0.0497518, 0.0116615, -0.0357732, 0.0462406, -0.129999, -0.0281985, -0.0270535, -0.070929, 0.0275124, 0.162269, 0.189687, 0.0241978, -0.00829852, 0.0600525, 0.0957768, 0.00521075, -0.0823199, -0.0977224, 0.0202466, -0.102091, -0.281224, 0.0315908, 0.0798173, -0.0165825, 0.148351, 0.104352, -0.101591, 0.100385, -0.346555, 0.0112842, -0.0219438, -0.0434462, 0.0226536, -0.0599881, 0.126413, 0.0710411 ],
		[ 0.680547, 2.07976, -0.982504, 0.0210631, -0.349665, -0.0035484, -0.0524807, 0.324394, 0.0850986, -0.109913, -0.101989, -0.0736999, 0.18136, -0.037501, 0.0157216, -0.108132, 0.224068, 0.10658, 0.188375, -0.12401, -0.0352436, 0.0190873, 0.0329185, -0.130171, 0.0142096, 0.0469902, -0.0697179, -0.12129, 0.0690169, -0.0494383, -0.109491, 0.08373, -0.0610757, 0.158817, 0.189111, -0.0625061, -0.357416, 0.0911545, 0.0233261, -0.102127, 0.358195, 0.303665, -0.00180508, -0.196366, 0.215861, 0.0705144, 0.273343, -0.0953551, -0.182391, 0.1039, -0.304093, 0.207067, 0.17019, 0.00625223, -0.131793, -0.171418, 0.11694, -0.00489998, 0.118703, 0.381366, 0.129188, -0.0257243, 0.129716, -0.204139, -0.287944, -0.135943, -0.0319709, -0.129068, -0.323024, -0.0361984, -0.120059, -0.258495, -0.16508, -0.145555, -0.326681, -0.138571, -0.130972, -0.0145137, 0.235042, -0.109429, 0.0726912, 0.0959923, 0.00257875, -0.119092, -0.0701115, -0.0265666, -0.140106, -0.141762, 0.223202, -0.0823469, 0.0142033, -0.0868704, 0.265488, -0.102654, -0.120822, -0.304564, -0.150165, -0.093578, 0.159132, 0.30769, 0.00175048, -0.0172835, -0.156502, -0.128004, -0.0427252, 0.128862, 0.0954003, -0.0209105, 0.299776, -0.0358375, 0.243565, 0.157988, -0.0464283, 0.205735, 0.141612, -0.0374871, 0.123864, 0.11855, -0.0768154, -0.403841, 0.189732, 0.0326642, 0.0986641, 0.195618, -0.171912, 0.00802764, -0.146578, -0.25304, -0.136067, -0.0978642, 0.140078, 0.0693182, 0.153493, 0.217616, -0.3062, 0.285519, 0.0186532, -0.0627882, 0.210481, 0.0474791, -0.146118, 0.0955668, -0.18925, 0.340295, 0.0460234, -0.255084, -0.231641, -0.00120809, 0.0565736, -0.0128969, 0.0888374, 0.108579, -0.182587, 0.012124, -0.0195233, -0.164835, 0.18922, -0.208824, -0.29249, -0.165126, 0.0154338, 0.539643, -0.16388, 0.109494, -0.187743, 0.0927295, -0.0771497, 0.0538272, -0.057706, 0.110438, -0.0960044, -0.106279, 0.134311, -0.044755, 0.118594, 0.0944285, 0.418494, -0.143871, -0.117935, 0.222567, -0.132869, -0.0236639, -0.134795, -0.248628, 0.152358, -0.043442, -0.405096, 0.231213, 0.127724, 0.185598, 0.438294, 0.0911238, -0.0764476, 0.0103377, -0.482071, -0.0308041, -0.0392611, 0.114567, -0.111027, -0.0883093, 0.00104973, 0.101078 ],
		[ 0.233223, -0.982504, 1.20717, -0.00778465, 0.172425, -0.000107261, -0.0551046, -0.147639, 0.0658414, 0.0721408, -0.0250018, 0.0692714, -0.0650823, 0.0525125, -0.0133653, -0.00140107, -0.0280343, -0.187183, -0.032537, 0.0204013, -0.0290727, -0.0586493, 0.0324819, 0.0707379, 0.00805002, 0.0690888, 0.0441792, -0.0304482, -0.100232, -0.071096, 0.0855173, -0.0630439, 0.0701722, -0.120531, -0.0692958, 0.0616796, 0.115984, -0.0389958, -0.133448, 0.125135, -0.143741, -0.0638435, 0.109734, -0.0145916, -0.205387, -0.0308114, -0.0603077, -0.0856721, 0.0230611, 0.00168492, 0.134283, -0.13896, 0.00189634, 0.0781699, 0.132761, 0.0903693, -0.0187855, 0.0317737, -0.0765314, -0.244088, -0.0801639, -0.131172, -0.151915, 0.152454, 0.0276184, 0.0924693, 0.0426507, -0.0139717, 0.14535, -0.0138088, 0.102519, 0.108857, 0.0670365, 0.00756722, 0.0942225, 0.0469845, -0.0251321, -0.0657303, -0.218598, 0.123501, -0.069045, -0.0504546, 0.144611, 0.0832259, -0.0566736, -0.00682452, 0.114466, -0.00979965, -0.146509, 0.191529, -0.0540062, 0.0403213, -0.231062, 0.0189967, 0.0733638, 0.13057, 0.0609547, -0.0503855, -0.0940102, -0.167397, -0.0370712, 0.115368, -0.00892522, 0.137859, 0.105145, -0.0743978, -0.0262164, -0.134665, -0.00543431, -0.0155364, -0.0791172, -0.0232025, 0.0747072, -0.0654707, -0.0700492, -0.0261518, -0.163085, -0.0919044, 0.00275165, 0.255427, -0.187692, 0.00252995, -0.0853, -0.124694, 0.142987, -0.0163832, 0.0628171, 0.164788, 0.0983632, 0.0637945, -0.0849916, -0.036898, -0.0547391, -0.122294, 0.0832983, -0.0488455, -0.0505381, 0.0483652, 0.0788747, -0.034185, 0.107293, -0.0280013, 0.118709, -0.136025, 0.0256948, 0.0615999, 0.0485941, -0.133741, -0.0670358, 0.0900261, -0.103344, -0.185738, 0.0286553, -0.041664, 0.0163001, 0.064643, -0.000110369, 0.248309, 0.157971, 0.0256476, 0.167374, -0.276647, -0.00933911, 0.0157536, 0.0864263, -0.12888, 0.096028, -0.0495944, 0.0342007, -0.0522991, -0.0572633, 0.10205, -0.149578, -0.0550423, -0.0740452, 0.0434073, -0.186855, 0.0364869, 0.00234265, -0.0970432, 0.225355, 0.0100314, 0.0558697, 0.0842345, -0.0674093, 0.00678539, 0.149599, -0.184867, -0.0139839, -0.173187, -0.275614, -0.0574157, -0.0922063, -0.032043, 0.0771756, 0.0161924, 0.052463, -0.0488793, 0.0448601, 0.0376541, 0.0594893, -0.0173799 ],
		[ 0.00915139, 0.0210631, -0.00778465, 0.0732972, -0.0207609, 0.000287022, -0.000165316, -0.0120947, -0.0224027, 0.0178749, 0.0189914, 0.0071758, -0.0108835, 0.137634, 0.058699, -0.00232684, 0.00600101, 0.00451171, -0.00590643, 0.00733471, -0.00612612, -0.00409685, -0.0134007, 0.00448786, -0.00280658, 0.00558616, -0.000704095, 0.0199142, 0.0313921, -0.00529166, -0.00522298, -0.0243026, 0.0181561, -0.017799, 0.0191707, -0.00225543, -0.0211719, -0.0255401, -0.0056078, -0.0154041, -0.00257819, 0.0283221, -0.0150398, 0.0108316, -0.00527727, -0.0120334, -0.00680317, -0.0171937, -0.00375795, 0.0233753, -0.0302792, -0.00325562, 0.00812073, -0.0194247, -0.00153287, 0.00402982, 0.0098472, 0.00230311, 0.00601509, 0.00750383, 0.0169013, 0.0276023, -0.00519277, 0.00211449, 0.000859458, 0.00027471, 0.0139337, -0.00709462, -0.0128987, 0.00369022, 0.00441091, 0.00703386, -0.0252241, -0.0150443, -0.0247878, -0.0203163, 0.0183205, -0.00216846, -0.00709077, 0.0087569, 0.0187441, -0.0159993, 0.00249047, 0.00267772, 0.00078397, -0.00506474, 0.0144734, 0.00418202, -0.0146349, 0.000375719, 0.0111351, 0.0115637, -0.0191132, -0.0273956, 0.00501874, -0.000281596, -0.0133248, 0.00684476, -0.00197514, 0.0154978, -0.00432844, 0.0100488, 0.0120231, 0.0184745, 0.0260963, -0.00520883, -0.00947923, -0.0114469, -0.0195669, 0.00088026, 0.00754095, 0.00122253, -0.0101561, -0.00592431, -0.0185472, -0.0132309, -0.000799364, -0.00287056, -0.0248307, -0.00713043, -0.0104473, -0.0139281, -0.0259108, -0.00113545, 0.0025949, -0.00409188, -0.00744372, 0.013882, 0.0126403, -0.0151078, -0.0375784, -0.0123624, -0.0202551, -0.00590721, 0.014113, -0.00397553, 0.0125084, -0.0103362, 0.0254543, -0.0117666, 0.00286119, 0.0157304, 0.00532462, 0.00952584, 0.0104795, 0.00383517, -0.0116816, -0.0017945, 0.0174038, -0.00602459, -0.0107143, -0.0122891, 0.00788539, -0.0126006, -0.000192208, -0.0304251, -0.0146394, 0.00458122, 0.0141885, 0.0211154, 0.0245961, -0.0333138, 0.0237807, -0.00857384, 0.0122693, 0.013081, -0.0265149, -0.00717416, -0.00510868, -0.0196153, -1.03E-05, -0.00194031, 0.0310839, -0.0145408, 0.0206025, -0.0189541, -0.00464342, 0.0281364, -0.0232812, -0.00185336, -0.0185078, -0.00170535, -0.0199168, -0.0273748, -0.00711006, -0.00218059, -0.0151078, 0.0114471, 0.0191438, 0.0216537, 0.00415098, -0.0168678, -0.00653587, -0.00371773, 0.0187137, -0.0024332, -0.0055941, 0.0419954, -0.00753921, -0.0133117, -0.0192879, -0.0072962 ],
		[ -0.0658241, -0.349665, 0.172425, -0.0207609, 0.647274, -0.00010462, -0.0366499, -0.14883, 0.0472554, 0.0224089, -0.112035, 0.00429717, 0.0632594, -0.0226648, 0.111553, 0.164918, -0.0225251, -0.0760623, -0.130282, 0.0781779, 0.00937892, -0.0226081, 0.0975251, 0.0278855, 0.00239826, 0.055461, 0.00112473, -0.106263, -0.0048351, 0.112182, 0.033925, 0.0998542, 0.0149077, 0.000278075, -0.0880468, 0.0466086, 0.0252802, -0.138387, 0.0266346, 0.0150465, -0.0581643, -0.0408184, -0.11413, 0.14616, -0.0823055, -0.0228913, 0.136163, 0.0737495, -0.00215648, -0.0871605, 0.10558, -0.0880063, 0.00707446, -0.0791932, -0.0242664, 0.00185828, -0.0557838, 0.00299559, -0.0680236, -0.0880445, -0.00483964, 0.067613, 0.0568598, -0.0655292, 0.125588, 0.0557814, -0.0114324, -0.0131131, 0.0126046, -0.0167334, 0.00597841, 0.00733836, -0.0395871, -0.0591584, -0.00485652, -0.0500994, 0.026864, 0.00640259, -0.0393296, -0.0730661, -0.0407064, 0.0197363, -0.0969373, 0.0108461, 0.0761645, -0.0648712, 0.0670844, 0.0801023, -0.0182411, -0.0204149, 0.0110445, 0.0853606, 0.0178047, -0.0858127, 0.0459214, -0.000901319, 0.107007, -0.00706974, -0.0173325, -0.0805093, 0.116899, -0.0238562, -0.0879477, 0.00946835, 0.0931324, 0.0119276, -0.0822524, 0.084272, -0.149699, 0.0139361, -0.0714815, -0.095456, 0.00887313, -0.118405, 0.0703708, 0.067501, -0.0149253, -0.0721695, -0.0663965, -0.0165258, 0.0552389, 0.0451923, -0.0351197, -0.0342123, 0.127373, 0.0156979, -0.00161079, 0.0723934, 0.0232224, -0.0970793, -0.0878608, -0.0441579, 0.0299401, -0.148366, 0.00999071, -0.058832, 0.00598593, 0.0231831, -0.0967211, 0.0104861, 0.0536121, 0.146902, -0.00734732, -0.0693692, -0.133475, 0.0401732, -0.0137587, -0.0198244, 0.00277028, -0.0876969, -0.0142711, -0.00936747, 0.100427, 0.0205715, -0.0121365, 0.135952, -0.0811929, 0.161525, 0.113659, 0.076711, -0.106919, -0.140433, 0.0808454, 0.00153659, -0.0192907, -0.0203, -0.0573327, -0.0148992, 0.00190787, -0.0789028, -0.0359887, 0.0147596, -0.0519524, -0.00524306, 0.0321921, 0.0479404, -0.155806, 0.0170274, 0.0670238, -0.110955, 0.107495, 0.0429703, 0.0738948, 0.0522161, -0.0449935, -0.0944553, 0.125914, -0.148144, 0.00961341, -0.0337131, -0.0689012, 0.105099, 0.0199161, 0.0386099, -0.0703247, 0.00841982, -0.0298639, -0.156568, 0.17445, -0.0273073, -0.0267363, 0.00342385 ],
		[ -0.00359533, -0.0035484, -0.000107261, 0.000287022, -0.00010462, 0.00095323, 0.00155721, -0.00027565, -0.000478003, -0.00100501, 0.00195097, 0.00230779, -0.00278241, -0.000739746, 0.0025145, -0.00368444, -0.00167821, 0.00670695, 0.00144939, -0.000249262, 3.13E-05, 0.00119203, -0.000819451, 0.00184886, 6.41E-05, -0.00190904, -0.00186873, 0.00237933, 0.00149832, 9.69E-05, -0.00307476, -0.0035515, 0.00272665, -0.00602921, -0.000143973, 0.00179819, 0.00167378, 0.00431077, 0.00135193, -0.00178565, 0.00182278, -0.00381132, 0.00355536, -0.00261756, 0.000625453, 0.0020229, -0.00170982, 0.00178392, -0.0014412, -5.14E-05, 0.000958357, -0.000824813, -0.00215396, -0.000516285, -0.00148418, -0.000242412, -0.000765103, -0.00195099, 0.00135085, -0.00091477, -0.00724217, 0.000280747, 0.00200767, 0.0021007, 0.000507355, 9.43E-05, -0.000352408, 0.00166987, 0.00290132, -0.000199135, -0.0088998, -0.000131096, 0.000921404, 0.00170411, 0.00435329, 0.00159765, -0.000453191, 0.00344931, 0.000991105, 0.000515216, -0.00600371, -0.00373407, -0.000338219, 7.57E-05, -0.000400927, 0.000434607, 8.55E-05, -8.07E-06, -0.00330602, -0.000401536, -0.0076122, -9.38E-05, 0.00214936, 0.00318919, -0.00409735, 0.00246577, 0.00112766, -0.000117579, -0.00107965, -0.00122416, -0.00745798, -0.00162552, 0.00517694, 0.00284372, -0.0010887, 0.00190412, -0.00123424, -0.000134577, 0.000380504, 0.000902528, -0.00821792, 0.000598894, -0.001558, -0.00152207, -0.000917418, 0.000128046, -0.000307969, -2.22E-05, 0.00441191, 5.47E-05, -0.00394535, -0.0019009, -0.00194965, -0.0028205, -0.000190119, -0.00168933, 0.00377139, 0.00541771, 0.00210924, 0.00166467, 0.00169017, 0.002187, 0.000805816, -0.000241121, 0.00284725, -0.00153946, -0.000996023, -0.000823826, 0.000210638, -0.00145507, -0.00128158, -0.00174391, -0.000700523, -0.00319695, -0.00145372, 0.00272072, 0.00292924, 0.0033082, -0.00100708, -0.000341908, 0.00200856, -0.00193335, 0.00188958, -0.00219934, 0.00161876, 0.00379476, -0.000624291, 0.000603055, -0.000455695, 0.00187461, 0.00224934, -0.00307953, 0.000639834, -0.00441118, 0.00224191, 0.00125684, 0.000143434, -0.00231652, 0.000719138, -0.000394321, -0.00126773, 0.00414484, 0.000509972, -0.00208699, 0.000175246, -0.00184735, -0.0047242, -8.43E-05, 0.00341446, -0.00150354, -0.00011158, -0.00095252, 0.000815863, 0.00139312, -0.00124251, 0.00121665, -0.00171677, 0.00051914, -0.0020562, -0.00153376, 0.000454357, 0.00131562, 0.00309769, -0.000667723, 0.00529406, -0.00201927, -9.18E-05, 0.00133407, 0.00254544, -0.000493928, 0.000897551, -0.00102216 ],
		[ -0.0680396, -0.0524807, -0.0551046, -0.000165316, -0.0366499, 0.00155721, 0.551888, 0.00082126, -0.00553186, -0.0173217, 0.0836535, -0.021016, 0.0269168, 0.0384288, -0.0695933, -0.0270694, 0.0253688, 0.0263992, 0.174495, 0.139113, 0.0102246, 0.00689615, -0.0222952, 0.0700275, -0.00384861, -0.00574025, 0.000314921, 0.0908206, 0.0248693, -0.0216246, -0.0105983, 0.0354424, 0.0192128, 0.00651111, -0.00462467, -0.0503782, -0.00813123, -0.0251389, -0.0351736, -0.000636737, -0.00311478, 0.0715044, 0.0494772, -0.0376647, 0.0584314, -0.0164367, -0.0376548, 0.0437354, 0.128385, -0.0393932, 0.010323, 0.0716156, 0.0257731, -0.0129689, 0.0103482, 0.00124877, 0.0151795, -0.00817071, 0.0306015, 0.00690059, -0.00869993, -0.00628265, 0.0397724, 0.000918106, 0.0699695, 0.0300836, 0.107191, 0.0278335, 0.0338171, 0.00993902, -0.0380409, 0.00366382, 0.0337627, -0.00945463, -0.0724043, 0.0321835, -0.0275546, -0.0136148, 0.050002, -0.0448824, 0.028622, -0.0327194, 0.00336104, -0.00708774, 0.0353245, 0.0138035, 0.053335, 0.0208262, -0.0296972, -0.0468747, -0.0403958, -0.0191343, 0.0105869, 0.0472758, -0.00510155, -0.00555701, 0.0379272, 0.0179648, -0.0122559, -0.0418047, -0.0335618, -0.030501, 0.0691718, -0.0111705, -0.0344551, 0.0464256, 0.0298471, 0.0356684, 0.0183463, -0.00813425, -0.00380897, -0.00279919, -0.0177088, -0.0338158, -0.02045, -0.0154726, 0.0132627, 0.0471748, 0.0510079, 0.00285228, 0.0993433, -0.000600907, 0.00826198, 0.00167877, 0.0266075, -0.00935244, -0.00763631, -0.0134017, -0.0232101, 0.0358637, -0.01671, -0.0754942, -0.0350347, -0.00705596, 0.00011036, 0.00555694, 0.052579, -0.0443698, -0.0166703, 0.0134743, 0.0182371, -0.058355, -0.0326627, 0.0746306, 0.0389721, 0.0694865, 0.0242376, 0.0366657, 0.0741445, 0.0566253, 0.0585094, 0.027766, -0.0446816, -0.00987382, 0.022908, 0.0520517, 0.0193338, -0.0121826, -0.0763459, 0.027536, -0.00644557, 0.0240849, -0.00206138, -0.00787781, -0.00147064, -0.0114826, -0.00342109, 0.00176622, -0.00257061, 0.0468008, 0.0168919, -0.0182163, 0.0353438, -0.00645343, 0.0278007, 0.0535181, 0.0342991, 0.0237029, -0.03668, 0.0324885, -0.0318938, 0.00335793, 0.00853356, -0.00417934, -0.00793748, -0.00280202, -0.0512456, 0.0637006, 0.0569819, 0.0187943, 0.103396, 0.0158852, 0.120932, -0.0462719, 0.0739412, 0.00592225, 0.0241619, 0.048083, -0.0983873, -0.0592496, -0.0137283, -0.0276097 ],
		[ 0.0439159, 0.324394, -0.147639, -0.0120947, -0.14883, -0.00027565, 0.00082126, 0.728237, 0.0792544, -0.0748832, 0.0411182, -0.0183734, 0.0342952, -0.000386182, -0.055346, -0.0831349, 0.180645, -0.0570581, 0.0480502, 0.00850433, 0.0653727, 0.0535466, -0.0882112, -0.0543718, 0.0136303, -0.0136632, -0.0451977, 0.0412031, 0.0440332, -0.0872979, 0.0366275, 0.0396508, -0.0532462, -0.0818259, 0.0916833, -0.00244418, 0.011668, 0.0831512, 0.105911, 0.0288799, 0.0437582, -0.0193378, 0.023818, -0.0957777, 0.136075, -0.0653617, 0.0267243, -0.0502686, 0.0576219, -0.020216, -0.0714156, 0.048474, 0.0460297, 0.0432569, -0.0568955, -0.0435763, -0.0244513, -0.0621474, 0.131346, 0.041969, 0.0546049, -0.0110966, 0.0688452, -0.0345412, -0.0195516, -0.0325142, -0.002809, 0.022449, -0.0787745, -0.0397255, -0.0195617, -0.0829546, 0.0376741, -0.0509991, -0.131547, 0.0392099, -0.0603422, 2.92E-05, 0.0489418, -0.0120744, 0.055961, -0.0198296, 0.00208523, -0.0763431, -0.0352105, 0.0205136, -0.102782, 0.0192401, -0.0186133, 0.0498218, -0.0246849, -0.0592691, 0.00153185, -0.0171033, -0.116818, -0.0392919, -0.0117991, 0.0449115, 0.0542404, -0.010558, -0.0158047, 0.0244915, 0.0629018, -0.0158738, 0.0355418, 0.0099431, 0.113264, 0.0288437, 0.0363076, -0.032312, 0.0494934, 0.0397472, -0.0578847, 0.034956, -0.159361, -0.0349384, -0.00273266, 0.00767447, 0.0128624, -0.0891535, 0.0670205, -0.0453846, 0.101187, 0.0640884, -0.0890913, -0.0194134, -0.0776626, -0.0105669, -0.0276647, 0.04241, 0.0356566, 0.0819469, 0.0492671, 0.0497253, -0.0017945, 0.126219, 0.0870676, -0.0146744, 0.0230321, -0.0247711, -0.0774756, 0.0455814, -0.174431, 0.224123, 0.0152972, -0.0313365, 0.0455875, 0.0561389, 0.0371504, 0.0450307, 0.0670959, 0.00839139, -0.115913, -0.0145388, -0.010166, -0.101687, 0.0929378, -0.141516, -0.0357028, -0.0995828, 0.00863995, 0.163113, -0.0672394, 0.0759185, -0.0541003, 0.0626515, -0.0494843, -0.0247263, -0.0461683, 0.0453261, -0.00239756, -0.122337, -0.0241028, -0.0535364, 0.0736257, 0.0470044, 0.191171, -0.0609473, -0.0743192, 0.159941, -0.0373049, -0.0617988, -0.0672014, -0.0124776, 0.0468961, 0.00666217, -0.0814582, 0.0574693, 0.0960683, 0.0121767, 0.121288, 0.0398141, -0.0191678, 0.0167878, -0.176987, -0.0294656, -0.0142946, 0.071161, -0.159058, -0.0356106, -0.0691879, 0.0102416 ],
		[ 0.0544085, 0.0850986, 0.0658414, -0.0224027, 0.0472554, -0.000478003, -0.00553186, 0.0792544, 0.881859, -0.00507511, -0.131497, -0.0320839, 0.0511596, -0.0299926, -0.0402168, 0.0443596, 0.0922322, -0.0814657, 0.0439741, -0.0154657, -0.0346443, -0.0784016, -0.0467895, 0.058459, 0.118146, -0.000649773, -0.0190156, -0.13795, -0.134614, -0.149166, 0.134583, 0.0678563, 0.035703, 0.123139, -0.0109012, 0.0734433, -0.102565, 0.0623265, 0.015859, -0.0477233, 0.0591831, 0.0195332, -0.0625782, -0.0477268, -0.115043, -0.00122821, 0.0159974, -0.0666295, -0.0592089, -0.101572, -0.102369, 0.0377062, 0.0625951, 0.0645556, 0.0415975, -0.0270045, -0.0454198, -0.0615347, -0.0325591, -0.075096, -0.0744256, -0.0807893, -0.0103576, -0.0314165, -0.156266, -0.0249086, -0.0590361, -0.041193, -0.0177892, 0.0394041, 0.00738565, -0.0425377, -0.047152, -0.0230824, -0.0662373, 0.0352579, 0.0585316, -0.042732, -0.00542117, 0.0913791, -0.0808034, 0.0357872, -0.00400019, -0.00234239, -0.141152, 0.053662, -0.0345031, 0.0204189, -0.0222543, -0.013952, -0.0528974, -0.0392136, -0.100432, -0.0655335, -0.0109407, -0.0693922, 0.0425034, 0.0270318, 0.0363578, -0.0289113, 0.0365957, 0.101959, -0.125211, -0.098754, -0.0950822, -0.0328501, -0.00336507, 0.0063169, 0.0492935, -0.0194928, 0.0467098, 0.14166, 0.0592073, 0.031879, -0.00494402, -0.117092, 0.0690463, 0.0833133, -0.0614842, -0.0795609, 0.129428, -0.058623, 0.0471933, 0.152161, -0.0349743, 0.0198959, -0.116345, -0.0259192, 0.00944185, 0.0106395, 0.0925379, -0.0313998, -0.0254537, 0.0313942, -0.095797, 0.06142, -0.0276645, 0.0245311, 0.0489668, -0.0362736, -0.0447208, 0.0620458, -0.0791542, -0.027204, -0.0179884, -0.0603366, -0.107138, 0.0724469, 0.0161507, -0.0532288, -0.0843573, 0.106878, -0.0841057, -0.00258526, -0.0627654, -0.021196, 0.0754082, -0.0244741, -0.0324329, -0.0562474, -0.0666707, 0.0901482, 0.0118397, 0.166795, -0.134751, 0.0390127, 0.0300883, -0.0132283, -0.0564858, -0.00652605, 0.000518123, 0.0238823, -0.108849, 0.0258741, -0.0371067, 0.0570305, 0.0176252, -0.11018, 0.0280308, 0.0127045, 0.102837, -0.013887, 0.0172753, 0.0868143, -0.0971676, -0.118287, 0.0379145, -0.0326224, -0.0140265, -0.117966, -0.0987278, -0.0878414, 0.000236503, 0.0252071, -0.118885, -0.0263522, -0.00696118, 0.00560669, 0.101161, 0.0318243, 0.0493107, 0.00689447 ],
		[ 0.000780068, -0.109913, 0.0721408, 0.0178749, 0.0224089, -0.00100501, -0.0173217, -0.0748832, -0.00507511, 0.974073, 0.0122728, -0.0993379, 0.00330916, 0.0653494, -0.0858227, 0.101649, 0.0393523, 0.0255469, 0.0189174, -0.0159992, -0.0380824, -0.116684, -0.12359, 0.0862297, -0.00428425, 0.00207495, 0.238872, -0.00543878, -0.22985, -0.157749, -0.0584992, 0.0361587, -0.0105884, 0.0371881, 0.0488799, -0.0786233, -0.0509085, -0.00809059, -0.152564, 0.012992, -0.0310844, 0.0427673, 0.174713, -0.0161026, -0.0759697, -0.0397358, 0.0387285, -0.172531, 0.109121, -0.0442496, -0.0804971, -0.0869946, 0.0806914, 0.0837781, 0.0793222, -0.030173, -0.00863902, 0.0587648, 0.061515, -0.0663816, -0.0275741, -0.0429324, -0.0588716, -0.0164115, -0.128631, -0.0572799, 0.129092, -0.0498872, -0.0178674, 0.0637469, -0.00482783, -0.0420665, -0.0795396, -0.0622163, -0.0954178, -0.0101124, 0.0491949, -0.0492786, -0.0476218, -0.0169796, -0.0922119, -0.0413583, 0.0240677, -0.0420265, -0.198927, -0.0474334, -0.0121368, 0.0198601, 0.0736874, -0.065898, 0.0402302, -0.0168691, -0.0894226, 0.0195355, 0.0979836, -0.121152, 0.0688654, 0.0127428, -0.0680099, 0.0608113, -0.0114817, -0.000632668, -0.0760374, 0.00816468, -0.00627175, -0.0750058, 0.0986507, -0.0150045, 0.0521007, -0.120155, 0.0354151, 0.0199958, 0.0779218, 0.0255728, -0.0560748, -0.0708628, 0.113273, 0.0394599, -0.152662, 0.111158, -0.0289224, -0.0435477, 0.0366202, 0.0657317, -0.0483676, 0.00798234, -0.0203054, -0.133801, -0.0103586, -0.0780361, 0.143733, 0.00376302, -0.0756801, 0.033689, -0.192784, 0.0456205, -0.0340993, 0.0204223, 0.0678253, 0.0234507, 0.0207446, -0.0175503, 0.0513584, 0.108677, 0.0527089, -0.000482782, -0.175192, -0.0144606, 0.0658961, 0.0282479, -0.0941686, 0.0629151, -0.0737254, 0.0336152, 0.000522906, -0.043568, 0.0639757, -0.0521654, 0.103341, 0.0968101, 0.0366067, 0.0695034, -0.0563455, 0.0757236, -0.0738043, 0.0760592, -0.0329199, 0.0323547, 0.0605943, -0.000575451, -0.0103733, -0.0361608, -0.158259, 0.062375, 0.0170848, 0.0756434, -0.106823, 0.001312, -0.186432, 0.0221574, 0.145105, 0.00771871, 0.0370526, 0.0510752, 0.168981, 0.0375852, -0.00862417, -0.0113885, 0.0430285, -0.0275659, -0.165362, -0.102934, -0.0875463, 0.100786, -0.108181, 0.0103136, 0.0601218, 0.130202, -0.0455718, 0.0774455, -0.0864457, -0.0930595 ],
		[ -0.127216, -0.101989, -0.0250018, 0.0189914, -0.112035, 0.00195097, 0.0836535, 0.0411182, -0.131497, 0.0122728, 0.449677, -0.0159617, -0.0456077, 0.0403098, -0.00366766, -0.0241753, -0.0990871, 0.0141857, 0.00860879, 0.0123632, 0.0149456, 0.0529165, -0.0145797, -0.0178058, -0.0175104, -0.0644356, 0.00510835, 0.469542, 0.0744971, 0.0104654, -0.060272, -0.0341894, -0.0366358, -0.0847404, 0.0375602, -0.0758356, 0.128137, 0.0358145, 0.0141426, -0.0831739, -0.0516496, -0.0326861, 0.13104, 0.0103718, 0.076013, -0.032558, -0.164796, 0.0574694, 0.0321308, 0.0688771, 0.0548686, 0.0201686, -0.0776268, -0.0292027, -0.0365417, 0.0348944, 0.0045841, -0.0030176, 0.0203772, -0.0846152, -0.00256282, 0.0584677, -0.0900219, -0.0192115, 0.0426388, 0.00998548, -0.01803, 0.107518, 0.0637261, 0.0137186, -0.0166166, 0.0478922, 0.00984798, 0.0152352, 0.140069, 0.041337, -0.0794916, -0.0174104, 0.0506476, 0.0982104, 0.0377426, -0.0426587, -0.0179917, 0.0166864, 0.0314709, 0.0502791, 0.0557463, -0.0655796, 0.00735765, 0.00309242, 0.0207113, 0.0578767, 0.0175746, 0.062185, -0.0997343, 0.115027, -0.0389774, 0.0183721, -0.0240504, 0.0431732, -0.022152, 0.000958776, 0.150066, 0.0364417, -0.0321553, -0.0234188, -0.028824, 0.0224243, -0.0300817, -0.024856, -0.0769331, -0.04455, -0.150864, -0.0459881, -0.058194, -0.0345952, -0.0124164, 0.000262783, 0.0916011, 0.0977056, -0.0545582, 0.0023767, -0.0302005, -0.0924504, 0.0019162, 0.00739434, 0.0474723, 0.0729096, 0.0339935, 0.0532809, -0.018621, 0.00611137, -0.0255935, -0.0411614, 0.17165, -0.00776699, 0.0262585, -0.0612845, -0.0483206, 0.0222767, -0.0260074, -0.0263151, 0.040397, -0.0151739, 0.08375, 0.0945207, 0.0374079, 0.0515675, 0.0163347, 0.0210816, 0.0296732, -0.0601383, 0.0860469, -0.00580793, 0.0201821, 0.0334748, -0.00279247, 0.0301244, -0.0637954, -0.020433, -0.0295224, -0.0463427, -0.0276979, -0.0683899, 0.0208678, -0.0281049, 0.0397203, 0.0241265, 0.0174764, -0.018256, -0.038051, 0.00697292, 0.0497659, -0.0193129, 0.0146738, -0.0058337, 0.0370827, 0.0464301, 0.078178, 0.0176762, -0.0993537, 0.0117851, -0.018441, -0.113322, 0.0562609, 0.0180325, 0.00412707, 0.0273894, -0.0358869, 0.0828951, 0.0699874, 0.0342601, 0.0464104, -0.02029, 0.228913, 0.018504, -0.0218986, 0.0147405, 0.02128, -0.0260941, -0.00443311, 0.0418809 ],
		[ -0.0222327, -0.0736999, 0.0692714, 0.0071758, 0.00429717, 0.00230779, -0.021016, -0.0183734, -0.0320839, -0.0993379, -0.0159617, 0.336585, -0.0429498, 0.0236057, 0.0231207, -0.00391775, 0.0712914, -0.0408462, -0.0156403, 0.00293128, 0.00196913, 0.034203, 0.0177104, 0.00946237, -0.00561028, 0.00227354, -0.0194444, -0.0172242, 0.0338332, 0.0213225, -0.0309543, -0.029715, -0.0706273, -0.0375585, 0.050786, 0.0688493, 0.0619652, 0.0582343, 0.0167903, -0.0500018, -0.0619497, -0.0331195, -0.0159039, -0.0335058, -0.0213756, 0.118307, -0.0434252, 0.0372699, -0.12479, -0.0514507, -0.108135, 0.00129918, -0.00268913, -0.0127172, -0.010207, -0.00493864, -0.0179348, 0.0150617, -0.0634685, -0.0328208, -0.000136002, -0.0563611, -0.0267011, 0.00921667, 0.0182278, 0.0159197, 0.0250032, 0.0380909, 0.0492288, -0.0427485, -0.0300374, 0.0224443, -0.0229483, 0.0623286, 0.0920537, 0.0344513, -0.0518815, -0.00294282, -0.00703575, 0.0410078, -0.00962898, -0.0863368, -0.0533803, -0.01867, 0.0726792, 0.00927, -0.0511258, 0.0473503, -0.0721837, 0.0578986, -0.0483858, -0.00394803, -0.0210731, 0.0136379, -0.115788, 0.01634, -0.0117295, 0.0109875, -0.00175986, -0.0496867, -0.0665374, 0.0418655, 0.0370327, 0.0932266, 0.0721882, 0.0296835, -0.0214406, -0.0187666, -0.0193248, 0.055593, -0.0322547, -0.0409846, -0.0722711, -0.0358732, 0.0464323, 0.0163884, -0.0608584, -0.0581914, 0.133871, 0.0404332, -0.0266452, -0.00917012, -0.0838973, -0.0313848, 0.00778488, -0.146757, 0.0572557, 0.0604004, 0.00958764, 0.0400265, 0.00992949, 0.124413, 0.0129439, -0.0791997, 0.0862318, 0.0136205, -0.0297052, -0.0685273, 0.0284399, -0.120445, 0.006993, -0.0253649, -0.0195772, -0.03173, 0.00287729, 0.0171784, 0.0598029, -0.0545238, 0.0417771, 0.0413455, 0.0211874, -0.0754596, 0.0585043, -0.100482, 0.0284999, 0.07291, -0.042769, -0.0989794, -0.030545, 0.0171618, 0.0343767, -0.110019, -0.00186451, -0.00162831, 0.0746718, -0.0297924, 0.0228526, -0.122881, 0.0303621, -0.0171388, 0.0153353, 0.0760464, -0.0163711, 0.00313122, -0.0253093, -0.0170532, 0.0032589, -0.0574878, 0.0445856, -0.000439358, -0.0674006, -0.0972631, -5.88E-05, 0.0345627, -0.0387578, 0.0290695, 0.0103342, -0.0106639, -0.0567977, -0.0439561, 0.0109634, -0.00109043, -0.00385865, -0.106723, 0.0857696, -0.10458, -0.00921006, 0.0352588, -0.00733871, -0.0801708, 0.0417957, 0.0177727 ],
		[ 0.0792677, 0.18136, -0.0650823, -0.0108835, 0.0632594, -0.00278241, 0.0269168, 0.0342952, 0.0511596, 0.00330916, -0.0456077, -0.0429498, 0.350575, -0.0328118, 0.0349517, 0.00816245, 0.0519815, -0.0719295, 0.0190162, -0.021081, -0.00960613, -0.0329465, -0.0117995, -0.0233526, 0.00631866, -0.00653276, 0.000667755, -0.0515877, -0.0221885, -0.0311527, 0.0697427, 0.222348, 0.0241532, 0.105939, 0.00111846, 0.0110193, -0.0502838, -0.032804, -0.0355916, 0.021775, 0.014385, 0.0486912, -0.0422259, 0.0535028, -0.00728926, -0.036733, 0.119339, 0.0490453, 0.0425343, -0.0393484, -0.0139877, 0.0142539, 0.0729059, -0.0341339, 0.010274, 0.00224711, 0.000209041, 0.0194158, -0.00130219, 0.0307236, -0.0170371, 0.025005, 0.0165294, -0.0364113, 0.0523122, 0.0301321, -0.0113797, -0.0277139, -0.0233168, -0.00305593, 0.0138518, -0.0204455, -0.0248314, -0.0589479, -0.128989, -0.0594877, -0.0137351, -0.070333, -0.00557926, -0.0595094, -0.00979669, 0.0598626, -0.0112409, -0.0657581, 0.0293552, -0.0368703, 0.0263965, -0.0313201, 0.0637034, -0.0164695, 0.0277494, 0.0121697, 0.0504712, -0.0246282, 0.00788239, -0.0561168, 0.021864, -0.0398558, 0.0383276, 0.0106543, 0.00611173, 0.0281016, -0.0834628, -0.043413, 0.02363, -0.0161658, 0.0245095, -0.0191055, 0.0394174, 0.0271998, 0.0350941, -0.0517437, -0.0143451, -0.0131479, 0.0114847, -0.00430024, 0.0590864, -0.0606379, -0.0637555, -0.0792607, 0.090268, 0.0312273, -0.00313509, 0.0683151, 0.0561286, 0.0217897, -0.083329, -0.0523055, 0.0250879, -0.00599665, -0.00863114, 0.0392409, 0.0565263, 0.0892316, -0.0108195, 0.0209407, 0.00675382, 0.0138436, -0.00334581, 0.0131416, 0.0383796, 0.0497818, -0.00286633, 0.119646, -0.0335142, -0.0847887, -0.00289272, -0.0227367, -0.016231, -0.0261453, 0.03645, -0.0152507, 0.00606046, 0.00926484, -0.0245355, -0.0301137, -0.0103009, 0.0546345, 0.00652073, 0.000892995, -0.0314857, 0.111512, -0.0438105, 0.0901664, -0.0639058, -0.0287627, 0.00108543, 0.0124068, -0.00490927, 0.0327866, -0.00962959, -0.0973976, 0.0575443, 0.0167624, 0.00019184, 0.0467395, 0.0611007, -0.0605021, -0.00434972, 0.0464376, -0.00576304, 0.00558224, -0.00751044, -0.0533519, 0.026366, 0.0427989, -0.0113088, 0.006119, -0.017881, 0.0461427, 0.0132722, 0.105909, -0.0278443, -0.00498408, -0.0510156, 0.00323815, -0.0107641, 0.0261183, -0.035389, -0.055328, -0.0338693, -0.0312914 ],
		[ -0.0137376, -0.037501, 0.0525125, 0.137634, -0.0226648, -0.000739746, 0.0384288, -0.000386182, -0.0299926, 0.0653494, 0.0403098, 0.0236057, -0.0328118, 0.475261, -0.0726421, -0.0556498, 0.0104537, -0.0352461, -0.00158225, 0.0287016, -0.00664783, 0.0178783, -0.0334682, 0.0239728, -0.00340347, -0.00496975, 0.0130884, 0.0426815, 0.0334123, -0.0963076, 0.00110543, -0.0324005, 0.0327631, -0.0379431, 0.0276466, -0.0575171, -0.0875769, -0.0729043, -0.0240474, -0.0226111, -0.0193617, 0.03841, 0.00161037, 0.00372531, 0.00127934, -0.0193618, -0.0446926, -0.0787267, 0.0405395, 0.0587841, -0.115798, -0.0138171, 0.0146994, -0.0225799, 0.0235969, -0.00524696, -0.00220159, 0.00642962, 0.0462469, 0.00656678, 0.03353, 0.0519858, -0.0219473, 0.0307514, -0.0175859, 0.0151796, 0.074714, -0.00298814, 0.0618337, 0.024633, -0.00135043, 0.00848865, -0.0541018, 0.00610879, -0.0864512, -0.0217987, 0.058065, 0.00609983, -0.0416615, 0.0216529, 0.0193644, -0.0284844, -0.0112754, 0.0245473, 0.0206786, 0.023559, -0.0176117, -0.00805376, -0.0114133, 0.00700196, 0.0582355, 0.0166365, -0.0667046, -0.0212153, -0.0145597, 0.00451658, -0.0115092, -0.00934032, -0.0414865, -0.00621214, 0.0160133, 0.0250507, 0.0437933, 0.076429, 0.0257851, -0.023994, -0.00552109, -0.0379643, -0.069609, -0.0140818, -0.00679628, -0.0253784, -0.000649687, -0.00773349, -0.0711105, -0.0348657, -0.0230801, -0.00304078, -0.0608894, 0.0388759, -0.0151356, -0.0131246, -0.0708174, 0.00565618, -0.00259637, -0.026814, -0.0111396, 0.00134885, 0.00346556, -0.0379989, -0.0762625, -0.0657079, -0.0772285, -0.0148257, 0.062046, 0.0299238, 0.0489596, 0.0334278, 0.0620575, -0.0313736, 0.0062494, 0.0256045, 0.0232062, -0.0239562, 0.0394055, 0.0253992, -0.035955, 0.00666881, 0.0605481, 0.001648, -0.03671, -0.0447347, -0.0452895, -0.0194223, -0.0194806, -0.0525288, 0.0139531, -0.011843, 0.0434879, 0.0154978, 0.0299469, -0.0831695, 0.0580688, 0.00576554, 0.0260214, 0.037583, -0.0346846, -0.0240178, 0.0196283, 0.000927924, 0.00855267, -0.00625907, 0.0454543, -0.0107299, 0.00553005, -0.0427199, 0.0219267, 0.0179677, -0.0664973, 0.0173619, -0.0340647, -0.0153584, -0.0172022, -0.0343754, -0.0813729, -0.0122884, 0.0291289, 0.0160651, 0.0447246, 0.0547622, -0.0213808, -0.02107, -0.00807783, -0.00158207, 0.0773855, -0.0051264, -0.00846161, 0.10243, -0.0835802, -0.00342458, -0.0669231, -0.0232897 ],
		[ 0.0581931, 0.0157216, -0.0133653, 0.058699, 0.111553, 0.0025145, -0.0695933, -0.055346, -0.0402168, -0.0858227, -0.00366766, 0.0231207, 0.0349517, -0.0726421, 0.510448, -0.0644169, -0.0591492, 0.0548609, -0.0498355, 0.0211384, -0.00147142, -0.0327067, 0.0578812, -0.0464558, -0.00549641, 0.0941168, -0.0455703, 0.00305527, 0.0982836, 0.128873, -0.0133401, -0.0175776, 0.0227645, -0.0668565, 0.0259849, 0.0858234, 0.0888652, -0.00758449, -0.000683833, -0.0240449, -0.0198983, 0.0604659, -0.0698011, 0.00930734, -0.120703, -0.0420432, 0.0607398, 0.0677605, -0.108552, 0.0161802, 0.101513, -0.0669046, -0.0281139, -0.0722764, -0.0587864, 0.0162318, 0.0145773, 0.00733642, -0.0788451, -0.0384984, 0.0109559, 0.0588401, -0.0280142, -0.039819, 0.0965113, 0.0554698, -0.0429577, -0.035517, -0.11023, -0.0750256, 0.00744034, 0.00194995, -0.0483711, -0.0483895, 0.112848, -0.022483, -0.0483878, -0.0254439, 0.0328737, 0.0325621, 0.0123397, -0.0329477, -0.0253848, -0.0193977, -0.0328852, -0.058088, 0.0740055, 0.03065, -0.06831, 0.0496122, -0.0686356, 0.0779461, 0.00709236, -0.0969664, 0.0196312, 0.00756389, -0.0119762, 0.044039, 0.00399565, -0.0554579, 0.010221, 0.0433672, 0.00967177, 0.0364727, 0.120215, 0.00275959, -0.0921716, 0.0189977, -0.0279331, 0.062711, -0.0149237, 0.0297595, -0.0094926, -0.0338366, 0.0883892, 0.0617887, -0.0139199, -0.0646132, 0.0353644, -0.0542821, -0.0567763, -0.0194782, -0.0766503, -0.0768373, 0.121284, 0.0123664, -0.000551816, 0.12731, 0.0993818, -0.00293179, -0.0880182, 0.0490234, 0.0761689, -0.116101, 0.00149014, -0.105658, -0.00363148, -0.0500468, 0.0129736, 0.0077287, -0.00526516, 0.0486219, -0.0163513, 0.0456634, -0.0858721, 0.0289953, 0.0737303, 0.00213493, -0.0644284, -0.0210479, -0.0284933, -0.0092569, 0.171835, -0.0245076, 0.0114649, 0.0787363, -0.111874, 0.104249, -0.00921713, 0.0707298, 0.0554633, -0.116331, 0.0434311, -0.0499792, 0.0836033, -0.0279469, -0.0567648, -0.00569953, -0.065133, -0.0546699, -0.0394959, 0.0578533, -0.0236399, -0.0793484, 0.0222193, 0.0390986, -0.11846, 0.0697577, 0.0468184, -0.0721834, 0.0201495, 0.0314903, -0.0459313, -0.074995, 0.0528852, -0.0256556, -0.077761, -0.0164817, -0.0694538, 0.00919954, 0.00838837, -0.0179234, -0.0203216, 0.0185457, -0.0352336, -0.0041355, -0.047206, -0.0409908, 0.190743, -0.0932211, -0.000484874, 0.00511353 ],
		[ -0.0910679, -0.108132, -0.00140107, -0.00232684, 0.164918, -0.00368444, -0.0270694, -0.0831349, 0.0443596, 0.101649, -0.0241753, -0.00391775, 0.00816245, -0.0556498, -0.0644169, 0.536422, -0.0563614, -0.0318794, -0.0470203, 0.0400338, -0.013444, -0.0323356, -0.00661768, 0.0507228, 0.0031538, -0.0256051, 0.0272313, -0.0269073, -0.0590106, 0.0599767, -0.065526, 0.0750433, -0.0436538, 0.090368, -0.0861286, 0.0284689, -0.0197005, -0.0491123, -0.0351929, -0.0863406, -0.0327144, 0.0034739, -0.114939, 0.0234311, 0.0897309, -0.000697025, 0.0402743, 0.072026, 0.0671891, -0.0335756, 0.0161463, 0.102053, 0.0231062, -0.0364837, 0.0202789, 0.00532743, -0.026194, -0.0196292, -0.0114644, -0.000996616, 0.00593824, -0.00633212, 0.0635734, -0.0449222, -0.00308854, -0.0277871, -0.0317735, 0.045818, 0.00200468, 0.0517567, 0.0344706, 0.0102995, -0.0235739, 0.0310399, -0.102851, -0.0272098, 0.0613869, 0.0346384, -0.0307812, -0.0364392, 0.0249918, 0.0339441, -0.0680076, 0.0179536, 0.0196471, -0.0109231, 0.0861105, 0.0622456, 0.0204746, 0.00619996, 0.0623227, 0.018535, 0.048565, -0.0370259, 0.0773423, -0.0461415, 0.00312991, 0.0398585, 0.109145, 0.0318675, 0.0428752, -0.0437581, -0.0573476, -0.0686294, -0.0806643, 0.014393, 0.00191257, 0.0714946, -0.0764984, -0.0641837, 0.00214172, -0.0320362, -0.0558996, -0.0445206, -0.0659539, -0.0337229, -0.0107085, 0.0491252, -0.0790898, 0.0264046, 0.0743592, 0.0538708, 0.0315849, 0.101279, -0.0298146, 0.00796349, -0.0430476, -0.0473164, -0.0617625, -0.0308794, -0.0495077, -0.0487513, -0.0650287, -0.0788103, -0.0772736, -0.035852, -0.0633797, -0.0323689, -0.0308664, 0.00662801, 0.0247653, 0.0485757, -0.032102, -0.0933693, -0.0335805, -0.021648, -0.110861, -0.0808167, 0.00198822, -0.0522622, 0.0542326, 0.00121222, -0.0883653, 0.0127526, -0.0273925, -0.0301317, -0.0352144, -0.0316643, 0.0448003, 0.0335121, -0.127456, 0.00671206, 0.0383562, -0.0261525, -0.0496667, 0.0271536, -0.0472208, 0.00817983, -0.0120201, -0.0686463, -0.0096609, -0.0750286, 0.0773129, 0.0873796, 0.0901945, 0.0275144, 0.00131477, 0.0885305, 0.00415162, 0.00591364, 0.0312819, 0.000304403, 0.0319412, 0.0281167, 0.0475586, -0.0253655, 0.0841534, -0.0457883, 0.0555246, 0.0327458, 0.000307417, 0.0465652, 0.0774669, -0.0304256, 0.0217107, 0.0191741, -0.00487483, -0.0135501, -0.0302337, 0.0244689, 0.00439292, -0.0671365 ],
		[ 0.126874, 0.224068, -0.0280343, 0.00600101, -0.0225251, -0.00167821, 0.0253688, 0.180645, 0.0922322, 0.0393523, -0.0990871, 0.0712914, 0.0519815, 0.0104537, -0.0591492, -0.0563614, 0.719008, -0.0258333, 0.102534, -0.0464469, -0.010538, 0.0101797, -0.129633, -0.0174982, 0.0136655, -0.0114037, 0.0226934, -0.117256, -0.00892418, -0.0481018, 0.0790168, 0.0433215, 0.0419285, 0.0094327, 0.129245, -0.0509178, -0.107842, 0.102888, 0.0145586, 0.0637591, 0.0102567, -0.0290848, 0.0686787, -0.126975, 0.0368759, 0.0161608, 0.103438, -0.103703, -5.01E-05, -0.0357205, -0.222769, 0.0308282, 0.100189, 0.101493, 0.0240165, -0.0365741, 0.0365319, -0.0191699, 0.0317608, 0.0888536, 0.0311122, -0.070986, 0.0511911, -0.0403926, -0.0386796, -0.108069, 0.0518814, -0.029117, -0.0386933, 0.0510203, 0.0176106, -0.0658812, -0.0260809, -0.0443057, -0.18636, 0.0523404, 0.0643443, -0.00848996, -0.00815525, -0.0204303, -0.022133, -0.0193702, 0.0458392, -0.0574229, -0.0232318, -0.0316886, -0.0532738, 0.0383523, -0.0154032, -0.0101008, -0.0348886, -0.055624, -0.0757282, 0.0375673, -0.0998681, -0.0685426, -0.0149705, -0.031384, 0.0307136, 0.0869264, -0.0694496, 0.0165548, -0.00682841, -0.0265018, 0.0715997, 0.0124052, 0.134872, -0.0247872, 0.105789, 0.0853048, 0.0777211, 0.0545256, -0.0408727, 0.0634619, -0.0346499, -0.0129182, 0.0300235, -0.0171337, -0.010101, -0.187224, -0.00591102, -0.119369, -0.019698, 0.111911, -0.0550853, -0.0582289, -0.031209, -0.0538472, -0.0671136, -0.0331918, 0.123251, 0.0380419, -0.0160412, 0.0957884, -0.0178226, 0.179441, 0.0468769, -0.0381746, 0.149862, -0.0664813, 0.0184458, -0.025394, -0.0800114, 0.0813193, 0.0464797, -0.0613889, -0.0102087, 0.0020086, 0.0516203, 0.0191577, 0.0288771, 0.065084, -0.194447, -0.049347, 0.0137545, 0.0150133, 0.175556, -0.0917321, 0.0124514, -0.127282, 0.122832, 0.124915, -0.0524711, 0.0917656, 0.0183501, 0.0487953, 0.0857757, -0.0371291, 0.0415774, 0.00177744, 0.125271, 0.0102192, 0.0129414, -0.0274658, -0.023705, 0.0567193, 0.0576339, -0.0329043, -0.111915, 0.129412, -0.137456, -0.080926, -0.016989, 0.0196313, -0.0175616, 0.00177763, 0.00263041, 0.00361284, 0.168076, -0.0824263, -0.0205521, 0.0173494, -0.0292458, 0.0281031, -0.163751, -0.0524069, 0.0663119, 0.0866727, -0.0652757, -0.00512186, 0.011788, 0.0114843 ],
