{ "inv_metric": [ [ 1.8696, 0.768766, 0.795903, 0.0819681, 0.0297235, 0.00418532, -0.291471, -0.206521, 0.320068, 0.00274562, -0.00907812, 0.0145022, 0.180671, 0.111194, -0.0222025, 0.113844, 0.177796, 0.0403489, -0.0256456, -0.156998, 0.0460919, 0.0300331, -0.0527415, 0.246759, 0.03294, 0.0540008, 0.0215354, -0.0271178, 0.278484, -0.149395, 0.107715, 0.0419064, -0.052756, -0.0733428, 0.122398, 0.111267, 0.289698, 0.438777, 0.00980407, -0.0825488, 0.0184287, 0.320272, -0.13422, 0.000138649, 0.234096, -0.150199, -0.0832605, -0.077177, -0.0913704, 0.0931645, 0.0228342, 0.123914, 0.152049, 0.0960608, 0.138984, -0.059752, 0.0150737, 0.110249, -0.136225, 0.177952, -0.197453, -0.168682, 0.34485, -0.128747, -0.177126, 0.161026, 0.0629491, 0.00784161, 0.252795, -0.0204209, -0.0707794, 0.117015, 0.37219, 0.0465376, -0.22396, -0.10972, -0.0673514, -0.0613192, 0.0983725, 0.102558, 0.0389317, 0.103216, -0.0146113, 0.0635079, 0.206456, -0.104135, 0.185908, -0.0462436, 0.0529479, -0.289393, -0.107597, -0.0887071, 0.0253149, -0.0603498, -0.105445, -0.218613, 0.298556, -0.230735, 0.406035, 0.115584, -0.0686296, 0.329175, -0.108885, 0.059304, -0.147209, 0.0377014, 0.181596, -0.0249675, 0.0116797, -0.158212, -0.000955462, -0.0607026, 0.020574, -0.141845, -0.0341976, -0.0905955, -0.031157, -0.123253, -0.0360904, 0.0387052, -0.0780903, -0.0621775, -0.0555626, 0.341941, -0.190812, -0.0780398, -0.0303127, 0.0610007, 0.557312, -0.266588, 0.145625, -0.0268054, -0.132422, 0.286475, 0.137627, 0.278566, -0.0409002, 0.0261016, -0.35479, -0.0442431, 0.0325388, -0.0746645, -0.208972, -0.0617726, 0.209825, 0.371542, 0.00347174, 0.0753943, -0.166809, 0.29516, -0.00514534, 0.0335275, -0.109446, -0.103005, -0.000740595, -0.251631, 0.10426, -0.18882, 0.11088, -0.204949, -0.0255885, -0.0732087, 0.240116, 0.0565168, -0.288872, -0.310771, 0.0862158, -0.131427, 0.0664871, -0.0104072, 0.0646945, 0.0507961, 0.122941, 0.290207, 0.16279, 0.00603911, 0.15051, -0.0742341, 0.208299, -0.273201, 0.172061, -0.117581, 0.129978, -0.377174, 0.181573, -0.27473, -0.0283905, -0.107286, 0.22279, -0.20399, 0.0404568, 0.0237626, 0.0785502, -0.324953, -0.542724, -0.0415829, 0.0547612, 0.329703, -0.158621, -0.0279462, -0.118361, -0.0168587 ],
    [ 0.768766, 1.39469, -0.307811, -0.0443149, -0.0315976, 0.00143312, -0.150778, -0.0260518, 0.0413108, -0.000616236, -0.0291583, 0.0117713, 0.0260097, -0.021377, -0.171602, -0.0278517, 0.0447535, 0.0916081, -0.00835106, -0.110072, -0.0426054, -0.00452728, -0.0333882, 0.0735705, 0.00395091, 0.109002, 0.00619639, -0.0334216, 0.326969, 0.159852, 0.0684179, -0.00173266, -0.0352302, -0.0247723, 0.084979, -0.00728521, 0.118885, 0.22661, 0.0617567, 0.0501346, 0.0559845, 0.168189, 0.219703, 0.0689176, 0.070656, -0.0917546, 0.156709, 0.151317, -0.000631472, 0.118636, 0.111454, -0.0636457, 0.0361944, -0.0267671, 0.0793064, 0.0549403, -0.00247195, -0.0955496, 0.0134198, 0.0733058, -0.0817558, 0.0302417, 0.147172, -0.0418343, -0.135681, 0.0203822, -0.00738743, 0.00540317, 0.121825, 0.112397, -0.00658202, 0.15465, 0.166881, 0.0843718, -0.0726519, -0.00404506, -0.0764978, -0.00583412, -0.0253915, 0.167658, -0.0927998, 0.155337, -0.0706358, 0.0560434, -0.083887, 0.165734, 0.0249471, -0.0365909, 0.0735929, -0.135257, -0.13099, -0.0885408, 0.0895251, 0.0160275, 0.106299, -0.0429189, 0.160689, 0.0227519, 0.034108, 0.0124618, 0.0544805, 0.17488, -0.107873, -0.0565127, 0.0341133, 0.0313842, 0.0888437, -0.0584625, -0.00481965, -0.147183, -0.0723505, -0.183585, -0.0639398, 0.019734, 0.0382702, -0.195145, 0.0971332, -0.112026, -0.118814, -0.0740652, 0.111361, 0.0247627, -0.0837071, 0.101692, 0.022152, -0.040659, 0.0250893, 0.0210888, -0.00721884, 5.24E-06, 0.0389645, 0.0961568, 0.0740423, -0.0644197, 0.136171, 0.204778, -0.0418342, 0.130503, -0.116329, -0.0232824, 0.0769057, 0.0669353, -0.0548536, 0.0479309, 0.0631487, 0.14574, -0.0247824, -0.177786, -0.156281, 0.0702035, 0.0963496, -0.204168, 0.192997, -0.0568541, 0.00844339, -0.336404, 0.15015, -0.186732, -0.0206343, 0.135986, -0.0515763, 0.0241174, 0.101194, 0.00706005, 0.0371506, -0.0179618, 0.0606502, -0.0943952, -0.0791088, -0.0206623, -0.00400502, -0.0594513, 0.102306, 0.206022, 0.126311, -0.240945, 0.127988, -0.0909304, 0.215967, -0.0830529, 0.00469256, -0.0952498, 0.103962, -0.1466, 0.0404453, -0.0687764, -0.0042506, -0.105562, 0.00188445, -0.0029596, 0.0467392, 0.0862383, -0.0271027, -0.340638, -0.195079, -0.0867983, 0.0426936, 0.00662806, -0.0998953, 0.0326405, -0.0804901, -0.168566 ],
    [ 0.795903, -0.307811, 1.15802, 0.0824371, -0.000222259, 0.00239284, -0.140749, -0.106224, 0.24303, -0.0221916, 0.0548173, 0.0141116, 0.0892735, 0.11065, 0.0409161, 0.0802565, 0.0978372, 0.00942574, -0.0162835, -0.0751949, -0.0180946, 0.0113491, 0.00587822, 0.126481, 0.0230993, 0.0289696, 0.00442881, 0.0430788, -0.107011, -0.196665, 0.0217953, 0.000426908, -0.00387488, 0.00678966, 0.0346662, 0.0555568, 0.149894, 0.201236, -0.0159149, -0.0352175, -0.0524686, 0.0919681, -0.274985, -0.0171166, 0.169407, -0.0547853, -0.145403, -0.160705, -0.0527745, 0.00943354, -0.0755029, 0.171669, 0.119513, 0.0937784, -0.0358014, -0.0258872, 0.013913, 0.160451, -0.111708, 0.0691933, -0.102505, -0.189783, 0.197964, -0.0723272, 0.027008, 0.118245, 0.0857948, -0.0165173, 0.120742, -0.0948796, -0.0572231, -0.0528916, 0.0872071, -0.0945074, -0.161482, -0.0741899, 0.025474, -0.0211587, 0.0791464, -0.0145092, 0.0244106, -0.00222548, 0.0809201, -0.0251228, 0.186602, -0.175996, 0.130709, -0.0665146, 0.017294, -0.0883716, 0.0177392, -0.00546833, -0.0893491, -0.0574064, -0.136418, -0.0534462, 0.0986288, -0.170856, 0.330321, 0.134911, -0.0986809, 0.0255436, 0.0533576, 0.0542496, -0.151871, -0.0533403, 0.162391, 0.114839, 0.0274258, 0.0102633, -0.0222916, 0.119698, 0.086051, -0.183008, -0.107283, 0.074394, -0.176588, 0.00609034, 0.05499, 0.165245, -0.195764, 0.00786287, 0.0830912, 0.238877, -0.189835, -0.0318821, -0.064694, 0.022068, 0.404813, -0.225178, 0.0719604, -0.133701, -0.119545, 0.246969, -0.0391573, 0.0214428, 0.0200938, -0.0889471, -0.0800714, -0.0297925, -0.00936605, -0.0617715, -0.223959, -0.0635772, 0.126192, 0.142253, -0.0471247, 0.176394, 0.027196, 0.201553, -0.0862503, 0.0018418, -0.166224, -0.0489562, 0.0298872, -0.00233146, -0.0313258, 0.0162587, 0.100968, -0.297491, 0.01451, -0.0189554, 0.13977, 0.0125666, -0.25232, -0.279253, 0.0530509, -0.031436, 0.10681, 0.0520152, 0.0590436, 0.137895, 0.019815, 0.0184185, 0.0457598, 0.200026, 0.011336, -0.0226243, -0.10197, -0.12832, 0.180308, -0.0301489, 0.0323522, -0.176347, 0.0827625, -0.189389, 0.081541, 0.0461202, 0.0949476, -0.183265, 0.0210045, -0.0304241, 0.10118, -0.0486432, -0.253329, 0.0444463, 0.00688559, 0.265401, -0.0360453, -0.0509305, -0.0343051, 0.192689 ],
    [ 0.0819681, -0.0443149, 0.0824371, 0.134519, 0.0124791, 0.000378577, -0.0460596, -0.0595334, 0.0781601, 0.0220375, -0.00659393, 0.0152225, 0.077818, 0.198569, 0.157107, 0.0834716, 0.0214491, 0.00390836, -0.00519111, 0.00705276, 0.00387346, 0.00793663, 0.00941823, 0.0405796, 0.00913517, 0.0457372, 0.000492053, -0.00522581, 0.0244413, -0.032219, -0.0199619, 0.0640604, 0.00845047, 0.0212856, 0.0595221, 0.0346805, -0.0160998, 0.0626528, -0.00724937, 0.00836595, -0.0481898, 0.0615847, -0.032339, -0.0747067, 0.0358758, -0.0347208, -0.0493711, -0.088358, 0.0647915, 0.0862925, -0.0812402, 0.0839461, 0.0112072, 0.0284595, 0.00660377, -0.0219695, 0.00926089, 0.0426421, -0.0647703, 0.0169463, -0.0251998, 0.0153852, 0.034456, -0.0263513, 0.0353553, -0.0193245, 0.0207997, 0.0164904, 0.030109, -0.0741479, -0.0179012, 0.00232786, 0.0464401, -0.0173998, -0.052902, 0.0267979, -0.00636284, 0.00280922, -0.0162259, 0.029412, 0.0321753, 0.00261735, 0.0338748, 0.0165195, 0.08997, -0.0383136, 0.0203315, -0.0286781, -0.000261206, -0.0425492, 0.00112814, -0.0256488, -0.0263577, -0.000174351, -0.071126, -0.0219633, 0.0472403, -0.0378582, 0.133749, 0.0449554, -0.0629167, 0.0491999, 0.0221359, 0.027799, -0.0027171, 0.0274829, -0.0206099, -0.0193585, -0.0313273, -0.0161807, 0.0208618, 0.0197532, 0.0143209, 0.0186981, -0.0710761, 0.0408363, 0.0353327, 0.00310681, -0.00576694, -0.00155542, -0.0652335, -0.0640278, 0.0243381, 0.0994629, -0.101598, -0.0140983, -0.0289053, -0.021758, 0.0778063, -0.0588576, 0.0310313, -0.0112282, -0.0247046, 0.118775, -0.028571, 0.0424176, -0.0068531, -0.00192665, -0.0351827, -0.00759843, -0.0100555, -0.0395951, -0.0266835, -0.00322237, 0.0431929, 0.0673268, 0.0595077, 0.0452076, -0.0483487, 0.051038, -0.0706927, 0.0102783, -0.106188, -0.00693081, -0.00875643, 0.0114329, -0.015919, -0.00333882, 0.0437486, -0.0886001, -0.0044328, -0.0537766, 0.0479338, 0.0108501, -0.0646869, -0.076848, 0.00295582, -0.0161466, 0.0226843, -0.0513654, 0.0494286, -0.0405792, -0.00825081, -0.000603149, 0.0460741, 0.0440216, -0.0369151, -0.0123699, -0.00762317, 0.0247393, 0.0375576, 0.00151586, -0.0251855, -0.0559791, 0.0267674, -0.013383, -0.0120955, -0.0260254, 0.133505, -0.0202454, 0.0116955, 0.00431899, 0.0518062, -0.00334044, -0.0542406, -0.00402541, 0.00907994, 0.100294, 0.0112703, -0.0319154, 0.00914134, 0.0658928 ],
    [ 0.0297235, -0.0315976, -0.000222259, 0.0124791, 0.506765, 0.000980112, 0.0138384, -0.0745353, -0.0266234, -0.0204699, -4.89E-05, -0.00484564, 0.0378447, 0.0770841, 0.0904676, 0.20146, 0.208598, -0.0534509, 0.0572935, -0.0217519, 0.0190366, 0.0216835, 0.0549697, 0.0592483, -0.00659515, -0.0608266, -0.00286385, -0.00467552, 0.0596238, -0.126079, -0.0441086, 0.0958993, 0.0749199, 0.0816142, -0.111087, 0.0644674, -0.0420894, 0.0981684, -0.0458827, 0.0768814, 0.00171083, 0.137651, -0.0203509, -0.103049, -0.0791282, -0.00717949, -0.069441, -0.0746494, 0.000767504, 0.0298306, -0.080219, 0.0987067, -0.00781137, 0.00927623, 0.00717623, -0.0516244, -0.025242, 0.0230249, 0.0580827, 0.0536434, -0.0396118, 0.0216304, 0.079545, -0.007396, -0.0181809, -0.0645362, -0.01549, 0.110859, 0.0688896, -0.0373693, -0.0224085, 0.0215278, 0.0810372, -0.0112516, 0.0443023, -0.0484565, 0.0654592, -0.018886, 0.0653736, 0.0499826, 0.0387216, -0.0339625, 0.00485178, -0.0328653, 0.0416854, -0.0333792, 0.0462187, 0.0489582, 0.0284984, -0.050453, -0.00629022, -0.0316136, 0.0756806, -0.0350354, -0.0447612, -0.0452556, -0.033955, -0.0388584, -0.0478266, -0.059599, 0.00286351, 0.0942029, -0.0133139, 0.000659535, -0.0779809, -0.00801194, -0.111221, -0.0271458, 0.0229778, 0.0690816, 0.0592847, -0.0126669, -0.00344849, -0.017418, 0.0212167, -0.0143075, 0.0061836, -0.0178083, -0.00556612, -0.00858539, -0.0197827, -0.0511874, -0.0542175, -0.0255522, 0.0938473, 0.00537823, -0.0122926, 0.031073, 0.0704805, 0.0616028, -0.0128754, -0.0311589, -0.00127598, 0.0974562, 0.0158602, -0.0153753, 0.0223009, 0.0396349, -0.0967473, -0.00470927, -0.0259301, -0.0218712, 0.046551, -0.0476678, 0.0179045, 0.0222319, 0.0388906, 0.00345079, -0.0415443, 0.0862944, 0.0258057, 0.162281, -0.0943993, -0.00139836, 0.00653977, 0.0469637, 0.0349175, -0.0220251, -0.00765359, -0.0934648, 0.0344865, -0.063468, -0.0330571, 0.0936801, -0.01066, 0.00522615, 0.0219152, 0.017666, 0.0338095, -0.0317805, -0.0406955, 0.00359348, -0.0447475, 0.00452585, -0.012452, 0.00320038, 0.0830563, 0.130223, 0.0427403, -0.0235812, 0.0755613, 0.0313978, 0.0335687, -0.141003, 0.0156434, -0.0716528, -0.143824, -0.0298473, 0.0891022, 0.00678371, -0.0095476, -0.0282887, 0.0828077, -0.0266641, -0.0841072, 0.000887144, 0.011534, 0.108503, -0.075575, 0.0537672, 0.0325335, 0.075526 ],
    [ 0.00418532, 0.00143312, 0.00239284, 0.000378577, 0.000980112, 0.000850836, -4.86E-05, 0.000896647, 0.00153964, -0.00280872, 0.000408209, -0.000696763, 0.000811909, -0.000652552, -0.000394488, 0.00025769, 0.00247432, 0.00242626, -0.000308035, 0.00115272, -0.000108208, -0.000240356, 0.000326698, -0.0035326, 0.000356277, -1.98E-05, -0.00279284, 0.000130771, 0.00170509, -0.00169487, 0.00315495, -8.10E-05, -0.00132545, 0.000589567, -0.00264094, 0.00175457, 0.00377515, 0.000971339, -0.000449189, -0.000321983, 0.00130898, 0.000765896, 0.00138729, -0.000164788, 0.000586204, 0.000510629, 0.00386947, 0.0011109, -0.00364806, 0.00162993, -0.000288533, 0.000877478, 0.00260017, 0.00269825, 0.000369657, -0.000467711, 0.000997375, 0.000297678, 0.000970228, 0.000626848, -0.00782602, 0.000919945, -0.00111308, -2.86E-06, -0.000862084, 0.00101802, -0.00254065, 0.00114, 0.00198573, 0.0021617, -0.0045913, 0.0004308, -0.0010387, 0.00295958, -0.00142825, 0.000567479, -0.00159052, -0.00125713, 0.00281021, -0.00175124, -0.00427021, 0.00305506, 0.000298753, -0.000508434, -0.00322336, 0.000270977, 0.000197268, 0.000567407, -0.000257077, -0.00374924, -0.00889629, -0.00111095, -0.00283753, 0.00104577, -0.00026262, -0.00215951, -0.00367414, -0.00170943, 0.00242458, 0.00102559, -0.00447441, 0.000365775, -0.00224673, 0.000675463, -0.00172157, -0.000317526, 0.00140461, -0.00113452, 0.000747952, -7.83E-06, -0.00535103, -0.000258392, 0.000654891, -0.00105371, 0.00100439, -0.00235969, -0.000329088, -0.000863873, 0.00110597, 0.000267475, 0.0020896, -0.00177121, -0.00119231, -0.000348692, -0.000975002, 0.000656094, 8.20E-05, -0.00151535, 0.00140813, 9.63E-05, 0.00138533, 0.00111792, 0.000268646, -0.00158773, -0.00140718, -0.00232577, -0.000994594, -0.000822905, -0.00134822, 0.000807838, 4.68E-05, 0.000879603, -0.000334083, -0.00192694, -0.0015542, 0.00102884, -0.00319195, -0.00415858, 0.0020809, 0.00162529, 0.00108832, -0.000484958, 0.00188567, -0.000126807, 0.0018289, -0.00283122, -0.000966867, 0.00100621, 0.00217135, 0.000631945, -0.00152212, 0.00291838, 0.000720625, 0.00244047, -0.000797444, -0.00143166, 0.000785584, 0.000711694, -0.00133489, 0.00188544, 0.00267234, 0.00120652, 0.00111818, 0.00178295, 0.00303722, -0.000968444, 0.00511316, 0.00161627, -0.000290938, 0.00124174, -0.000572461, -0.000426354, 0.000914784, 0.000225464, 0.000241387, -0.00480179, -0.000806478, 0.00259626, -0.00318244, 0.000807645, -0.000246382, -0.000706239, -0.000898977, -0.000140922, -0.00377331, 9.72E-05, -0.00071912, -0.00176201, 0.00128139, 0.00168613, -0.00223976, 0.000244728 ],
    [ -0.291471, -0.150778, -0.140749, -0.0460596, 0.0138384, -4.86E-05, 0.592579, 0.105941, -0.072567, 0.0228837, -0.0939544, -0.0478148, -0.0921459, -0.0211081, -0.0805072, -0.0854344, -0.00198901, -0.0413385, 0.146208, 0.138248, 0.0293682, -0.00852506, 0.0985372, -0.0870385, -0.00614667, -0.0407092, 0.0199749, -0.0987699, -0.0928436, -0.0131855, -0.00144078, -0.101006, 0.0163255, -0.0470516, 0.016283, -0.0729719, -0.0359426, -0.158235, -0.0306706, -0.0176762, 0.082825, -0.0966489, -0.000434775, 0.0905803, -0.0394615, 0.0818237, -0.0870057, 0.0817941, -0.0688845, 0.0119651, 0.0452886, 0.0143087, -0.0114094, -0.00820342, -0.00433516, 0.0436427, -0.0202388, -0.0318789, 0.00940908, -0.0374671, 0.0036604, 0.0936452, -0.104632, 0.127236, 0.0029194, -0.0204389, 0.00390724, 0.0197745, -0.10305, -0.0192653, 0.00755683, 0.00807488, -0.0538706, 0.00922367, 0.0318711, 0.0107758, 0.114805, -0.0396074, -0.000255031, -0.132354, -0.0651384, -0.0762135, 0.00890834, -0.00789414, -0.102356, 0.00542339, -0.0774847, 0.0647944, -0.0497675, 0.070648, -0.00280768, 0.106707, -0.0413914, -0.00624703, 0.0693006, 0.0727098, -0.0427727, 0.0628301, -0.117007, -0.0945931, 0.0628463, -0.117379, 0.0400253, -0.0266556, -0.012089, -0.075596, 0.0228766, -0.0258264, -0.0224671, 0.112008, 0.00848722, 0.0111811, -0.0425681, -0.072826, -0.0188182, -0.0277646, 0.0361403, 0.00348078, -0.0174591, 0.019473, -0.038513, 0.0515441, 0.000627616, -0.217011, 0.078502, 0.0420971, 0.0319577, 0.00641295, -0.0099398, 0.133398, -0.0396511, -0.0402053, 0.0760592, -0.115105, 0.0575367, -0.0851933, 0.0449128, -0.0196493, 0.0606642, 0.00768357, 0.0432445, -0.00800495, 0.0480638, -0.00870174, -0.0195411, -0.117838, -0.0670198, -0.0456432, 0.0647789, -0.0368206, -0.0644121, 0.0225991, 0.0240138, 0.0566264, 0.0130299, 0.0638663, -0.0385703, 0.0447123, 0.0336437, 0.0720184, -0.0304512, 0.0394354, -0.0303341, -0.00957289, 0.105843, 0.0919763, -0.0244562, 0.0516691, 0.00718658, -0.00725118, -0.0625796, 0.0882996, -0.043146, -0.0601485, -0.174575, 0.023736, -0.00795663, 0.0383119, -0.00922452, -0.00260525, -0.0777933, 0.0263821, 0.0670282, 0.152506, -0.117142, 0.0861105, -0.0105817, 0.0193775, -0.0236137, 0.0388104, 0.00101496, 0.000981231, -0.0144789, 0.0451458, 0.0838496, 0.00986338, 0.0452674, -0.226116, -0.00474339, 0.0425129, 0.124375, 0.0293075 ],
    [ -0.206521, -0.0260518, -0.106224, -0.0595334, -0.0745353, 0.000896647, 0.105941, 0.886634, -0.270423, 0.0271121, 0.0733799, -0.0434294, -0.137417, -0.114032, -0.000460027, -0.134367, -0.0844155, -0.0547734, -0.0181813, 0.00515423, 0.0850961, 0.0101227, -0.0312227, -0.240902, -0.0279814, -0.0275214, 0.0129719, 0.074082, -0.209392, 0.0868921, 0.0175845, -0.0552215, 0.0981388, -0.0620618, -0.00299639, -0.172228, 0.0223029, -0.162812, 0.0736659, -0.130278, 0.0470111, -0.284366, 0.0209986, 0.185716, 0.0107012, 0.0615129, 0.107164, 0.0938892, -0.223645, -0.195276, 0.0958944, -0.140628, 0.0525378, -0.0390228, -0.075969, 0.0907749, -0.0730775, -0.068801, 0.000703513, -0.127212, -0.0283844, -0.0305433, -0.209602, 0.00129183, 0.0415617, 0.0819417, 0.0248895, 0.034891, -0.0563306, 0.0798719, -0.0145853, -0.0271415, -0.14951, 0.104853, 0.00594861, 0.0117427, 0.0541548, 0.0553554, 0.0937278, -0.0419791, -0.0423351, -0.00765248, -0.110579, -0.000140141, -0.136957, 0.0186714, -0.0955346, 0.0822241, 0.0484912, 0.0577989, -0.000280269, 0.00671284, 0.150668, 0.0711487, 0.091663, 0.136081, -0.0757513, 0.0977393, -0.292659, -0.097759, 0.0330375, -0.147516, 0.134463, -0.0303039, 0.0561702, -0.133878, -0.0162999, 0.0300866, 0.0701811, -0.0397515, -0.110166, 0.0215935, 0.083013, 0.0239345, 0.141139, -0.0830932, 0.0215374, 0.0577579, -0.0377345, -0.0411958, 0.0833011, 0.0762711, 0.0109932, -0.24725, 0.131561, 0.0370913, -0.0255828, -0.027232, -0.166306, 0.251189, -0.184714, 0.054971, 0.00607665, -0.227858, 0.0704772, -0.109585, 0.0676056, -0.0714596, 0.205307, 0.0188627, 0.0469369, 0.164806, 0.0139728, 0.0103201, -0.12825, -0.10163, -0.163162, -0.0440283, 0.167779, -0.113497, 0.152798, 0.00427157, 0.16885, 0.0468943, 0.0717296, -0.00551567, -0.0860423, -0.0485897, -0.0739244, 0.246076, -0.016643, 0.0794852, 0.00661641, -0.0408639, 0.128426, 0.131496, -0.151242, 0.0650531, -0.0286782, 0.00450944, -0.103936, -0.00246307, 0.0309488, 0.00619715, -0.0457074, -0.0536644, -0.00990714, 0.0042866, 0.0144095, 0.070558, -0.179055, 0.0282472, 0.0372474, 0.163464, -0.00783992, 0.0861457, -0.00815577, 0.118204, -0.0879936, 0.0227386, -0.0478172, 0.0023831, -0.150451, 0.0862844, 0.238069, 0.0058195, -0.0325694, -0.231515, -0.0719329, -0.0112803, 0.0124341, -0.047572 ],
    [ 0.320068, 0.0413108, 0.24303, 0.0781601, -0.0266234, 0.00153964, -0.072567, -0.270423, 0.827886, 0.0893955, -0.016007, 0.0532577, 0.089463, 0.0777155, 0.0807167, 0.13238, 0.0399793, 0.0839558, -0.0206336, -0.00383604, -0.0323519, -0.0479228, 0.00812088, 0.145354, 0.109189, 0.0991767, 0.0146733, -0.0155007, 0.13096, -0.13487, -0.0375349, 0.0472861, -0.0718317, -0.0885592, 0.132036, 0.0124279, 0.0880717, 0.116944, -0.11857, -0.0531992, -0.0641503, 0.132391, -0.124859, -0.0661646, 0.0624802, -0.0968153, -0.0478059, -0.155025, 0.0837626, 0.135364, -0.110748, 0.132575, -0.00454853, 0.0579186, -0.00897314, -0.0385244, 0.0906382, 0.108262, -0.0925492, 0.09691, -0.0680338, 0.00671249, 0.162831, -0.0587551, 0.0545795, 0.0174666, 0.0319021, -0.0220427, 0.0747485, -0.0809366, -0.0369219, 0.0619188, 0.153331, -0.0219075, -0.182654, 0.00343279, -0.0628273, -0.00275391, 0.0485777, -0.112288, 0.0217179, -0.0261128, 0.0405457, -0.0371356, 0.0865515, -0.0866325, 0.127422, -0.0541808, -0.0098832, -0.0643924, -0.050608, 0.0128234, -0.101556, -0.00318465, -0.152317, -0.0960894, 0.0915986, -0.0949505, 0.317066, 0.152435, -0.0581546, 0.156875, 0.0270458, 0.13698, -0.00986469, 0.129056, 0.0865204, -0.0279094, -0.0234702, -0.0219446, 0.0387317, 0.0362894, 0.0452483, -0.0411076, -0.117664, 0.140005, -0.0641519, 0.00230501, 0.0529608, 0.0288111, -0.176831, -0.0951842, 0.0313717, 0.348752, -0.138217, -0.0793288, -0.0308614, -0.0430638, 0.193815, -0.166867, 0.115935, 0.0597437, -0.00169767, 0.219508, -0.0666688, 0.0757055, -0.0710073, 0.0351028, -0.170046, -0.0508064, -0.0218038, -0.0366708, -0.138458, -0.0411333, 0.0857196, 0.117326, 0.144634, 0.141659, -0.155037, 0.164288, -0.149126, -0.0387975, -0.202045, -0.0933881, -0.00245482, 0.0357951, 0.0185865, 0.0375263, 0.118179, -0.263632, 0.100332, -0.0846735, -0.00575215, 0.08267, -0.0973186, -0.144981, 0.112789, -0.0850346, 0.0123795, -0.109938, 0.110168, 0.137106, -0.0397099, 0.00808791, 0.092425, 0.0725616, -0.017562, -0.1435, -0.000309989, -0.0662322, 0.211034, -0.0632361, -0.0409286, -0.0677502, -0.0053076, -0.110484, 0.0461129, -0.0600022, 0.115444, -0.0204279, 0.071005, 0.0177647, 0.0753982, -0.0251185, -0.233728, -0.0352775, 0.0224637, 0.152179, 0.078868, 0.0327017, -0.0804447, 0.0555621 ],
    [ 0.00274562, -0.000616236, -0.0221916, 0.0220375, -0.0204699, -0.00280872, 0.0228837, 0.0271121, 0.0893955, 0.846732, -0.0334883, 0.0087988, -0.0140375, 0.0133854, 0.0353127, -0.00611923, -0.0262887, -0.0172647, 0.111487, -0.0952482, 0.0180592, 0.00426554, 0.0442567, 0.120193, 0.00944048, -0.105366, 0.253861, -0.035417, 0.0149657, 0.0554134, -0.0839487, 0.0268404, 0.0135567, -0.0587325, 0.105963, -0.114349, -0.140923, -0.00544072, 0.0618355, -0.0315422, -0.104137, 0.0611676, -0.0403145, -0.131033, -0.0880274, -0.0367713, 0.0252603, 0.0232967, 0.0661627, -0.0366217, -0.0354432, -0.0815575, 0.00424798, -0.0123418, -0.0136884, -0.0175025, -0.00751604, 0.0417498, -0.0288498, -0.091926, -0.00910188, 0.00738023, 0.0440469, 0.0936052, 0.105312, -0.0293989, -0.00812805, 0.0236681, -0.0398512, -0.0668918, -0.00471851, -0.0464902, -0.0903164, -0.00429329, 0.0115507, 0.0697834, 0.0853482, -0.107701, -0.0360049, -0.0243073, 0.00126653, -0.0859249, -0.00495744, 0.0208396, 0.0188941, -0.0374722, -0.0313518, -0.0227042, -0.0602043, -0.0263978, 0.0510201, -0.102573, 0.028956, 0.045285, -0.0157671, -0.00673181, 0.0167079, -0.0296976, 0.0279057, -0.0298747, -0.0304502, 0.00471612, 0.0600084, 0.0783992, 0.025723, 0.0340771, -0.0387998, -0.0345309, -0.0518834, -0.0319927, -0.0774821, 0.130044, 0.108603, 0.109681, -0.137784, 0.0324962, 0.0646839, 0.0941776, 0.0883709, -0.0519977, -0.15787, 0.0743124, -0.0232025, 0.0135948, -0.16208, 0.0167542, -0.0202558, 0.0578235, -0.0400743, 0.0699358, -0.0499674, 0.0310391, -0.0396901, 0.0658709, 0.015426, 0.0731513, -0.0608441, 0.0122342, 0.132072, -0.0158461, 0.0495908, -0.0683879, -0.0797522, -0.0662823, 0.00552212, 0.0104206, -0.0411643, 0.154991, 0.0488255, -0.0195601, 0.0716075, 0.0297446, -0.060835, 0.0396167, 0.0190398, 0.152116, -0.0344762, 0.0567406, 0.0424114, 0.0256488, 0.0783646, -0.00820824, -0.114757, 0.123174, 0.136663, 0.0220595, 0.000547803, 0.0313765, 0.094045, -0.0669756, -0.00958218, -0.0514949, -0.191764, -0.121991, 0.0091423, -0.096947, -0.195425, 0.00402461, -0.0182279, 0.0830714, -0.0884749, 0.0680357, 0.0198852, 0.0666479, 0.00844972, 0.032018, -0.0117949, 0.0611407, 0.143358, -0.0993619, -0.12078, -0.0524176, 0.0847126, 0.0506185, 0.11036, 0.0219481, 0.0277711, -0.0364813, -0.062615, -0.0450536, 0.0974586, 0.112207 ],
    [ -0.00907812, -0.0291583, 0.0548173, -0.00659393, -4.89E-05, 0.000408209, -0.0939544, 0.0733799, -0.016007, -0.0334883, 0.34957, -0.0318216, -0.0268395, -0.0237517, -0.0435528, 0.0272551, -0.0017002, -0.00411238, -0.0569606, -0.0241492, -0.0211748, -0.00109482, -0.0677664, 0.0149474, -0.00132271, 0.0856901, -0.0245206, 0.357358, 0.033689, 0.0241145, -0.0297251, 0.015376, -0.0864108, 0.0243551, 0.0715112, -0.000354296, 0.108712, 0.0674028, -0.0112987, -0.0131049, 0.0434369, 0.0170026, 0.0386027, 0.0772413, 0.0384266, 0.0455816, 0.0590805, 0.0505362, -0.0710227, -0.0956614, -0.0313441, -0.0648505, -0.0180688, 0.000748302, 0.0153264, 0.0152744, 0.0253352, 0.0224493, -0.0291465, -0.0128928, 0.0110999, -0.0203972, -0.0361976, -0.0195857, -0.116908, 0.0358053, 0.00211781, 0.0161349, -0.0229754, 0.0185763, 0.0293576, 0.0516452, 0.00132229, 0.0568732, 0.0412248, 0.00528676, -0.0214893, 0.0169788, 0.0586709, -0.0148296, 0.0288503, 0.0123048, -0.00667596, 0.0421346, -0.0172681, -0.00222673, 0.0658844, 0.0311257, -0.00910429, -0.0564476, -0.0619845, -0.056792, -0.059596, 0.00561442, 0.0787452, -0.0150167, 0.0319406, 0.0341377, 0.0177691, 0.0706151, -0.00792571, 0.0241474, -0.0532626, 0.000524784, 0.0254969, 0.0181214, 0.0310216, 0.0225389, 0.00443833, -0.0885504, -0.0453512, -0.00571893, 0.00973764, -0.00121749, 0.068326, -0.0449986, 0.00187032, 0.0266127, 0.0658937, -0.0196156, 0.0947167, -0.0270226, -0.0798798, 0.0951093, 0.0198677, 0.016832, 0.0506972, 0.0542333, -0.071288, -0.0257621, -0.0398245, 0.0347062, 0.025865, 0.0509489, 0.0197822, -0.0221492, 0.0102771, -0.000724766, -0.000663759, 0.0298607, -0.00330038, 0.00925285, 0.0181459, 0.0468737, -0.0271076, 0.0220471, -0.099619, -0.0818723, 0.0292004, 0.0374828, 0.0712428, -0.0416392, 0.0659899, 0.00517551, 0.00646736, -0.117832, 0.0293439, -0.0569815, -0.000425151, 0.0356484, 0.0101515, 0.051361, 0.034814, -0.0975571, -0.0336405, 0.0636969, 0.0753793, 0.0128636, -0.0727285, 0.00526523, -0.0204871, -0.0398511, 0.102081, 0.00401634, 0.0585198, -0.0249037, -0.0423831, -0.125182, -0.106334, -0.0340658, -0.0149289, -0.00472004, -0.031649, -0.0285271, -0.0077197, -0.0702048, 0.0705062, -0.0115748, -0.0139794, 0.00243205, 0.0558046, 0.0483322, -0.0324501, -0.00271255, -0.0741893, 0.0123599, -0.0486992, 0.00905517, 0.0257428, 0.0011393, -0.0973178, -0.0937236 ],
    [ 0.0145022, 0.0117713, 0.0141116, 0.0152225, -0.00484564, -0.000696763, -0.0478148, -0.0434294, 0.0532577, 0.0087988, -0.0318216, 0.355119, 0.0122729, 0.0760669, -0.0683806, -0.00211985, 0.0561579, 0.0627732, -0.0108579, 0.00158899, -0.00223511, -0.0535503, 0.0464963, -0.00738113, 0.00690065, -0.022418, -0.00444459, -0.031022, 0.0708037, 0.083858, 0.0130524, 0.0155991, -0.0348723, 0.00686963, 0.0260315, 0.086736, -0.0907972, -0.0213969, -0.0204527, 0.0458036, -0.0890396, 0.0599901, 0.0328588, -0.0418443, 0.0120858, 0.074606, -0.0193629, -0.0131159, 0.0351613, 0.0416703, -0.0451684, -0.0349192, -0.00752929, -0.00376508, 0.00421356, -0.00342704, 0.0312029, 0.0132494, -0.00105922, 0.0768918, 0.0192033, 0.0549084, 0.0760694, 0.0532108, 0.0221418, 0.039646, -0.0360289, 0.0491322, -0.00339596, -0.043321, 0.0288106, 0.0474141, 0.0339667, -0.0159558, 0.0227844, -0.00377355, -0.0638447, 0.0475048, -0.0920611, 0.049205, 0.00746377, 0.0047194, -0.00419064, 0.0416892, -0.0302364, -0.0177091, -0.0496375, -0.00476682, -0.0637984, -0.0235732, -0.0131889, -0.0126355, -0.00876097, 0.0359474, -0.0158557, -0.010685, -0.0627132, 0.0252113, 0.0703201, 0.0377141, 0.00674474, 0.108956, -0.0352578, 0.00335441, 0.0376799, 0.0611637, -0.0182183, -0.0123726, -0.0499674, 0.100074, 0.0136623, 0.0417129, -0.0639189, 0.0233454, -0.0686117, 0.014934, -0.0043164, -0.000635447, 0.0273244, -0.0809601, -0.00736894, -0.0388918, -0.0449656, 0.079506, 0.0160973, -0.126262, -0.019757, -0.00759426, -0.0209308, -0.090281, -0.0059596, 0.00369109, 0.00298339, -0.0138362, -0.0537834, 0.0426026, 0.0785332, -0.0353633, -0.00824619, -0.115578, -0.0151872, -0.0645866, 0.0372586, 0.0349018, -0.0566012, 0.00370544, 0.00563927, -0.0505224, -0.0198864, -0.00337693, -0.0624275, -0.0688038, -0.00956232, -0.0840185, -0.0392726, -0.0270443, 0.0206653, 0.07956, -0.0257125, 0.00599, 0.0214872, 0.048099, -0.0278745, 0.0217428, -0.0643272, -0.00248806, 0.0529329, -0.092411, -0.0468944, 0.0546067, -0.074059, -0.0401589, -0.0684072, -0.0621661, 0.0169967, -0.0678192, -0.0218649, -0.0256332, -0.00572422, -0.0106871, -0.028929, -0.0832934, -0.0472325, 0.00900673, 0.0285534, -0.034948, -0.0415252, -0.03057, 0.0675815, 0.0267336, 0.00506398, -0.0343861, 0.0142667, -0.0797539, -0.0870332, -0.076381, -0.0271108, -0.0120455, 0.0545462, 0.00148915, -0.104965, 0.0231103 ],
    [ 0.180671, 0.0260097, 0.0892735, 0.077818, 0.0378447, 0.000811909, -0.0921459, -0.137417, 0.089463, -0.0140375, -0.0268395, 0.0122729, 0.345918, 0.103878, 0.119584, 0.118216, 0.0198442, -0.0307688, -0.0206127, 0.0049889, -0.00167325, -0.0203968, 0.0276224, 0.0698643, 0.00966467, 0.00763675, -0.00791445, -0.0258442, 0.0929989, -0.0967974, 0.0412147, 0.213138, 0.0305359, 0.0598073, -0.0574512, 0.0224425, -0.00138644, 0.10257, 0.00571805, 0.0263946, -0.102813, 0.108284, -0.0330206, -0.0964191, 0.0040902, -0.0624208, -0.0598105, -0.0969781, 0.0845435, 0.0717464, -0.0905045, 0.119151, -0.00689966, 0.0453589, 0.0434729, -0.0374589, 0.0288143, 0.0461985, -0.0162841, 0.0419454, -0.0291995, -0.00568795, 0.128168, -0.0741707, 0.00200517, -0.00357131, 0.0335316, -0.0673017, 0.0757692, -0.0341567, -0.0768736, -0.00336885, 0.0732034, -0.0373865, -0.0662476, -0.00331242, 0.0416307, -0.0402987, 0.00804402, 0.0314682, 0.0617486, -0.00633346, 0.0518369, -0.0171389, 0.0704711, 0.0137968, -0.00462868, -0.0737114, 0.0260509, -0.0505091, 0.00209563, -0.0783689, 0.0130537, 0.0173368, -0.105328, -0.0338304, 0.0220207, -0.121983, 0.157083, 0.0680471, -0.0170841, 0.0603876, 0.00270551, 0.0811615, -0.0267137, 0.057997, -0.0311675, -0.0782105, 0.00326481, -0.0102525, 0.023909, -0.0587182, 0.012451, 0.054814, -0.0515871, 0.0313446, 0.0439354, -0.0771257, -0.0492526, 0.0174741, -0.0015409, -0.082424, -0.0248056, 0.143341, -0.0715682, -0.0194746, -0.00523157, 0.019914, 0.0995118, -0.0800037, 0.0747361, -0.0573887, -0.0770974, 0.118334, -0.0157469, 0.0451931, -0.0296614, -0.043736, -0.0388963, -0.0155921, -0.0531657, -0.0218892, 0.0068968, -0.0259279, 0.0440834, 0.0338338, 0.0958296, 0.0447774, -0.0447944, 0.0654615, -0.13114, 0.0142746, -0.0698849, 0.00270125, 0.00528418, -0.00231008, -0.0132635, -0.0378805, 0.0990809, -0.0483541, 0.0366519, 0.0054782, 0.0590312, 0.00908239, -0.0726411, -0.0546964, 0.0219608, -0.00385374, 0.0336288, -0.0671058, 0.115824, 0.00622392, 0.00356061, 0.0388804, 0.0511851, 0.0398284, 0.0198392, 0.0439127, 0.0026933, 0.0227712, 0.0227016, 0.0225645, 0.00195234, -0.0868477, -0.0385013, -0.0352933, -0.0224108, -0.0775791, 0.103216, 0.00355836, -0.0434036, -0.00172644, 0.0334246, -0.0139606, -0.0616383, 0.0117902, 0.000256335, 0.149649, 0.00933948, -0.0338488, -0.0031014, 0.113572 ],
    [ 0.111194, -0.021377, 0.11065, 0.198569, 0.0770841, -0.000652552, -0.0211081, -0.114032, 0.0777155, 0.0133854, -0.0237517, 0.0760669, 0.103878, 0.566717, -0.00482219, 0.110591, 0.0426426, 0.00963651, 0.032651, 0.0134828, 0.0111424, -0.0114799, 0.112166, 0.0758274, 0.00696545, 0.0719791, -0.000215203, -0.020438, 0.115998, -0.0701612, -0.0492688, 0.115257, 0.0321027, -0.00846085, 0.127169, 0.100972, -0.0752847, 0.0675512, -0.0880637, 0.0588424, -0.0406072, 0.119631, -0.0417126, -0.15829, -0.000396164, -0.00992827, -0.12108, -0.131432, 0.105425, 0.137645, -0.131796, 0.11287, -0.000995174, 0.00268577, -0.00610654, -0.0255584, 0.00127553, 0.0567797, -0.0432213, 0.0380465, -0.00331996, 0.113359, 0.0895033, 0.0268526, 0.035875, -0.0504245, 0.00229583, 0.0539411, 0.0388004, -0.104427, -0.000498288, 0.0237394, 0.0704635, -0.0165732, -0.0455236, 0.00835531, -0.0132622, -0.0479368, -0.0966889, 0.0717211, 0.00376948, -0.0142151, 0.022379, 0.00804876, 0.10906, -0.0606096, 0.015982, -0.0658474, 0.00581491, -0.034193, 0.0203337, 0.0107421, -0.0506175, 0.00233972, -0.156192, -0.00852565, 0.122434, -0.0561301, 0.156312, 0.0769473, -0.0668133, 0.0692803, -0.00122858, 0.001575, -0.0109391, 0.012993, -0.0280588, 0.00847012, -0.0503008, 0.0131678, 0.0286816, 0.0668718, -0.0747361, -0.0151252, -0.119228, 0.0303354, 0.0832071, 0.012298, 0.0229471, -0.0326138, -0.178347, -0.0916743, 0.0525606, 0.093386, -0.14763, -0.0278296, -0.0171218, -0.0180156, 0.141233, -0.101276, 0.0325753, -0.0536178, 0.0394394, 0.175257, -0.0611449, 0.128677, 0.0453305, 0.0297047, 0.0244796, -0.0290308, 0.00972559, -0.096635, -0.0290914, 0.0397733, 0.0418196, -0.0011838, 0.0646667, 0.0554605, -0.129075, 0.0567063, -0.136035, 0.0461766, -0.100678, -0.0181752, -0.0339117, 0.00391703, 0.00208332, 0.00817832, -0.00598169, -0.128485, -0.0453701, -0.0188462, 0.0602003, 0.0526973, -0.121014, -0.0758466, 0.0311084, -0.051618, 0.045616, -0.0536224, 0.012569, -0.013923, -0.0127694, -0.0429556, 0.0396377, 0.0401754, -0.0228355, -0.0208206, 0.0149394, 0.0525139, 0.0584366, -0.0151182, -0.0237962, -0.0326086, -0.0140411, -0.0129407, -0.00870434, -0.0374505, 0.160883, 0.012751, 0.0136316, 0.0156763, 0.11829, -0.0641632, -0.0831793, -0.0346246, 0.00979982, 0.127105, 0.0398639, -0.026489, 0.0751206, 0.0643976 ],
    [ -0.0222025, -0.171602, 0.0409161, 0.157107, 0.0904676, -0.000394488, -0.0805072, -0.000460027, 0.0807167, 0.0353127, -0.0435528, -0.0683806, 0.119584, -0.00482219, 0.713163, 0.126763, -0.0140095, -0.0787026, -0.0079166, -0.0480092, 0.00564081, 0.0777398, -0.0987743, -0.0344638, 0.0127673, 0.0175275, 0.0146248, -0.0439346, -0.0890612, -0.0635334, -0.0241077, 0.097308, 0.133363, 0.156301, -0.0661962, -0.0444174, -0.0197893, 0.103811, 0.0834145, -0.101263, -0.0748688, 0.064448, -0.142461, -0.0434361, 0.0645508, -0.0607137, -0.0800356, -0.190278, 0.121975, 0.126546, -0.14134, 0.157785, 0.0497544, 0.0998238, 0.0318823, -0.0304265, -0.00121409, 0.0543271, -0.104576, 0.00494048, -0.0831264, -0.0883029, -0.0316526, -0.117729, 0.131731, -0.0383263, 0.080622, -0.0268307, 0.1082, -0.156563, -0.0987266, -0.0370209, 0.0509136, 0.0106405, -0.129111, 0.116165, 0.130228, 0.06266, 0.142846, 0.0991337, 0.0857885, -0.0124995, 0.0601196, -0.0109016, 0.129324, -0.0220766, 0.0487626, -0.0103627, 0.106341, 0.0156983, -0.0091561, -0.0853624, 0.0408113, 0.0116931, -0.0234088, 0.00541656, -0.0317878, -0.102516, 0.131644, -0.0938083, -0.058435, -0.00962694, 0.138193, 0.0724725, -0.00971325, 0.0209514, -0.102159, -0.0444081, 0.01959, -0.0411393, 0.00831066, -0.0339944, 0.113508, 0.09794, -0.0750057, 0.0994261, 0.026948, -0.0207033, -0.0347282, 0.0698936, -0.085812, -0.0263762, 0.0320856, 0.0688325, -0.113092, 0.016136, -0.0973938, -0.0341933, 0.0486707, 0.0593075, -0.00460755, -0.00635362, -0.0939492, 0.119998, -0.0146734, -0.0440224, -0.0891468, -0.0317823, -0.089141, 0.013854, -0.0541355, 0.0696905, -0.0688923, -0.129724, 0.0331997, 0.20518, 0.123501, 0.169045, -0.0345981, 0.0894288, -0.033712, 0.0587763, -0.204215, 0.0220329, 0.0291425, 0.0931876, -0.0988303, -0.0331068, 0.101222, -0.0892423, 0.0536851, -0.174293, 0.0450501, 0.0505015, -0.0230707, -0.16497, -0.0917513, 0.0451875, 0.03901, -0.102034, 0.100327, -0.0823973, -0.0326764, 0.0613245, 0.0159542, 0.0924548, -0.0342603, 0.0515928, -0.0277091, 0.0592235, 0.0260122, 0.0778676, -0.00365077, -0.117699, 0.0874207, -0.0558107, -0.111658, -0.00752923, 0.270506, -0.113957, -0.0114115, 0.00441668, 0.0105339, 0.139894, 0.00214712, 0.0467414, 0.0251193, 0.227107, -0.0816033, -0.122727, 0.0292989, 0.200365 ],
    [ 0.113844, -0.0278517, 0.0802565, 0.0834716, 0.20146, 0.00025769, -0.0854344, -0.134367, 0.13238, -0.00611923, 0.0272551, -0.00211985, 0.118216, 0.110591, 0.126763, 0.584679, -0.137249, -0.0639942, 0.0136501, -0.030483, 0.00134433, -0.0110277, -0.0100629, 0.13949, 0.0141557, 0.077889, -0.00985624, 0.0226965, 0.122356, -0.129307, 0.0101615, 0.129463, -0.0630453, 0.0359243, 0.0395696, 0.0178512, 0.0756466, 0.15363, -0.155409, -0.0165373, -0.102572, 0.228707, -0.145224, -0.125959, 0.0855913, -0.0841807, 0.0121755, -0.109961, 0.0816255, 0.109293, -0.114568, 0.161217, -0.025582, 0.0343086, 0.0410438, -0.0249164, 0.0346226, 0.0725582, -0.0234321, 0.0564334, -0.090986, 0.054309, 0.158121, -0.107981, -0.0557609, -0.0200964, 0.0494203, 0.0629785, 0.0994591, -0.0432432, -0.0611232, 0.0581093, 0.139747, -0.0446794, -0.0897811, -0.0589548, -0.0384142, 0.0308159, 0.105717, -1.09E-06, 0.0399243, -0.0453095, 0.0368261, -0.0524546, 0.128522, -0.0771585, 0.0724759, 0.0275524, -0.00300118, -0.143203, -0.0682286, -0.0204124, 0.0026699, 0.0219403, -0.11508, -0.0465903, -0.0731228, -0.0250964, 0.323776, -0.0148817, -0.06775, 0.190156, 0.0400037, 0.0694177, -0.0394107, 0.0707319, -0.0609575, -0.0231637, -0.0151009, -0.0350628, 0.0202794, -0.0356868, 0.0242095, 0.0335557, -0.0401314, 0.0489982, 0.00869338, -0.0107463, 0.0142989, 0.0229454, -0.0314317, -0.101745, -0.0440448, 0.180751, -0.0213952, -0.0337813, 0.00196815, 0.00199784, 0.122754, -0.129, 0.0326557, 0.0184845, -0.0769253, 0.159737, 0.0613548, 0.0934301, -0.0313322, 0.00901179, -0.149818, -0.0094299, -0.0303425, -0.0353585, -0.00554175, 0.0454114, 0.119564, 0.0748162, 0.0604621, 0.0469918, -0.0847689, 0.127324, -0.0811333, 0.081971, -0.19096, -0.0269468, -0.0199021, 0.0986938, -0.00040481, 0.00742677, 0.151868, -0.163607, -0.0190143, -0.0677462, -0.0123312, 0.0854745, -0.136823, -0.0503039, 0.10231, 0.0252799, 0.00199489, -0.147125, 0.0150503, -0.0851162, -0.0284191, -0.0502476, 0.20617, 0.051376, -0.000479623, 0.00237546, -0.0129514, -0.0677032, 0.148666, 0.0283326, -0.0195856, -0.216812, 0.0533182, -0.0719004, -0.101999, -0.152354, 0.146734, 0.0260395, 0.10757, 0.0436557, 0.125922, -0.0590561, -0.184636, 0.0163614, 0.000955129, 0.170616, 0.0153649, -0.00662436, -0.0252371, 0.0971472 ],
    [ 0.177796, 0.0447535, 0.0978372, 0.0214491, 0.208598, 0.00247432, -0.00198901, -0.0844155, 0.0399793, -0.0262887, -0.0017002, 0.0561579, 0.0198442, 0.0426426, -0.0140095, -0.137249, 0.694805, 0.0526508, -0.00394838, 0.0637399, 0.000268589, 0.0185185, 0.00270464, 0.0652412, 0.000666298, -0.0248263, -0.0211377, -0.00265585, 0.00889471, -0.0939184, -0.0208133, 0.0459604, -0.0060492, -0.0122952, -0.100074, 0.122842, -0.0354814, 0.0581361, 0.0819512, 0.0764269, -0.0277814, 0.0459457, 0.0795538, -0.074807, 0.0307724, -0.0108911, 0.020719, -0.0232084, -0.0380755, 0.0565378, 0.0188906, 0.00486704, 0.00740621, -0.00977861, -0.063986, -0.0516398, -0.0145698, 0.0108106, -0.0277907, 0.054293, -0.016026, 0.0241889, 0.0709146, 0.0162209, 0.0353553, -0.00357984, -0.0929617, 0.108262, 0.0561033, -0.0283889, 0.0634738, -0.0359376, 0.155649, -0.0673492, 0.10174, -0.0268355, -0.0111237, -0.0516331, -0.0633906, -0.0116467, 0.0134573, -0.0144753, 0.0300688, 0.0257129, -0.0309177, -0.0976808, 0.0189506, 0.0205751, -0.108422, -0.0835259, -0.018204, -0.0943557, -0.0273946, -0.0206623, 0.0138947, -0.0197363, 0.01002, -0.0634132, 0.0497364, 0.0980417, -0.0717658, 0.0212819, -0.111948, -0.0267012, -0.0332905, 0.0331735, 0.0245156, 0.0370756, -0.0363198, 0.0994152, 0.0346727, -0.0153305, 0.051714, -0.0539708, 0.0770507, 0.00511184, -0.0633136, -0.0634338, 0.0535703, -0.0350324, 0.0239386, -0.116285, -0.0558354, 0.0189273, 0.130297, -0.00830416, -0.026918, -0.0163166, 0.0425638, -0.0616692, 0.0290824, -0.00599043, -0.0168569, 0.118107, -0.0745158, -0.0141023, 0.00133013, 0.029068, -0.059243, -0.0189447, -0.00702153, -0.046054, 0.00267791, -0.0795384, -0.0902794, 0.0678334, -0.000180178, -0.00851034, 0.0165546, 0.0700918, 0.0166711, -0.00121679, 0.0404243, -0.0251532, 0.00817348, 0.0141694, 0.118353, 0.016637, -0.0576963, -0.0595066, 0.0678309, -0.0407547, -0.0417917, 0.0397171, -0.046274, -0.0793219, 0.0303083, -0.0401529, -0.015983, 0.0610635, 0.0561443, 0.0179729, -0.0206683, 0.102535, -0.0129279, -0.0723922, 0.0181092, 0.109575, 0.00546751, 0.0556115, 0.0405386, -0.0443986, -0.0380103, -0.118977, -0.0229373, -0.0955594, -0.020004, 0.0619638, 0.0656095, 0.0729473, -0.113569, -0.0476672, 0.04263, -0.0336674, -0.0638504, -0.0114249, -0.0407086, -0.0233662, 0.0062758, 0.00224359, -0.0245596, 0.015828 ],
