{"N_mic": 19, "N_edge_sub": 17, "N_edge_prod": 19, "N_edge": 11, "N_unbalanced": 14, "N_enzyme": 10, "N_phosphorylation": 0, "N_pme": 0, "N_competitive_inhibition": 3, "N_allostery": 7, "N_allosteric_enzyme": 4, "N_drain": 1, "N_km": 19, "N_sub_km": 17, "N_prod_km": 2, "S": [[1, -1, -1, 0, 0, 0, 1, 1, 0, 0, -1], [0, -1, -1, 0, 0, 0, 0, 0, 0, 0, 0], [0, 1, 1, 0, 0, 0, 0, 0, 0, 0, 0], [0, 1, 1, 0, 0, 0, 0, 0, 0, 0, 0], [0, 1, 1, -1, -1, 0, 0, 0, 0, 0, 0], [0, 0, 0, 1, 1, -1, 0, 0, 0, 0, 0], [0, 0, 0, 0, -1, 0, 0, 0, 0, 0, 0], [0, 0, 0, 0, 1, 0, 0, 0, 0, 0, 0], [0, 0, 0, 0, 0, 1, -1, -1, -1, 0, 0], [0, 0, 0, 0, 0, 1, 0, 0, 0, 0, 0], [0, 0, 0, 0, 0, 0, 1, 0, 0, 0, 0], [0, 0, 0, 0, 0, 0, -1, 0, 0, 1, 0], [0, 0, 0, 0, 0, 0, 0, 0, 0, -1, 0], [0, 0, 0, 0, 0, 0, 0, -1, 0, 0, 0], [0, 0, 0, 0, 0, 0, 0, 1, 0, 0, 0], [0, 0, 0, 0, 0, 0, 0, 0, -1, 0, 0], [0, 0, 0, 0, 0, 0, 0, 0, 0, 1, 0], [0, 0, 0, 0, 0, 0, 0, 0, 0, -1, 0], [0, 0, 0, 0, 0, 0, 0, 0, 1, 0, 0]], "N_reaction": 10, "N_metabolite": 19, "balanced_mic_ix": [1, 5, 6, 9, 12], "unbalanced_mic_ix": [2, 3, 4, 7, 8, 10, 11, 13, 14, 15, 16, 17, 18, 19], "ci_mic_ix": [5, 6, 6], "edge_type": [3, 2, 2, 2, 2, 1, 2, 2, 2, 2, 2], "edge_to_enzyme": [0, 1, 2, 3, 4, 5, 6, 7, 8, 9, 10], "edge_to_tc": [0, 0, 1, 0, 2, 0, 0, 0, 3, 4, 0], "edge_to_drain": [1, 0, 0, 0, 0, 0, 0, 0, 0, 0, 0], "edge_to_reaction": [2, 1, 1, 3, 4, 5, 6, 7, 8, 9, 10], "water_stoichiometry": [0, -1.0, -1.0, 0.0, 0.0, -1.0, 0.0, 0.0, 1.0, 0.0, 0.0], "transported_charge": [0, 0.0, 0.0, 0.0, 0.0, 0.0, 0.0, 0.0, 0.0, 0.0, 0.0], "mic_to_met": [1, 2, 3, 4, 5, 6, 7, 8, 9, 10, 11, 12, 13, 14, 15, 16, 17, 18, 19], "subunits": [1, 2, 1, 4, 1, 1, 1, 2, 2, 1], "sub_by_edge_long": [1, 2, 1, 2, 5, 5, 7, 6, 9, 12, 9, 14, 9, 16, 13, 18, 1], "sub_by_edge_bounds": [[1, 0], [1, 2], [3, 4], [5, 5], [6, 7], [8, 8], [9, 10], [11, 12], [13, 14], [15, 16], [17, 17]], "prod_by_edge_long": [1, 3, 4, 5, 3, 4, 5, 6, 6, 8, 10, 9, 1, 11, 1, 15, 19, 17, 12], "prod_by_edge_bounds": [[1, 1], [2, 4], [5, 7], [8, 8], [9, 10], [11, 12], [13, 14], [15, 16], [17, 17], [18, 19], [20, 19]], "sub_km_ix_by_edge_long": [1, 2, 3, 4, 5, 6, 7, 8, 11, 12, 13, 14, 15, 16, 17, 18, 19], "sub_km_ix_by_edge_bounds": [[1, 0], [1, 2], [3, 4], [5, 5], [6, 7], [8, 8], [9, 10], [11, 12], [13, 14], [15, 16], [17, 17]], "prod_km_ix_by_edge_long": [9, 10], "prod_km_ix_by_edge_bounds": [[1, 0], [1, 0], [1, 0], [1, 0], [1, 0], [1, 2], [3, 2], [3, 2], [3, 2], [3, 2], [3, 2]], "ci_ix_long": [1, 2, 3], "ci_ix_bounds": [[1, 0], [1, 1], [2, 1], [2, 2], [3, 3], [4, 3], [4, 3], [4, 3], [4, 3], [4, 3], [4, 3]], "allostery_ix_long": [1, 2, 3, 4, 5, 6, 7], "allostery_ix_bounds": [[1, 0], [1, 0], [1, 2], [3, 2], [3, 4], [5, 4], [5, 4], [5, 4], [5, 5], [6, 7], [8, 7]], "allostery_type": [1, 1, 1, 2, 1, 2, 1], "allostery_mic": [5, 1, 5, 13, 5, 5, 6], "phosphorylation_ix_long": [], "phosphorylation_ix_bounds": [[1, 0], [1, 0], [1, 0], [1, 0], [1, 0], [1, 0], [1, 0], [1, 0], [1, 0], [1, 0], [1, 0]], "phosphorylation_type": [], "phosphorylation_pme": [], "N_dgf_fixed": 16, "dgf_fixed": [223.646, -2263.31, -46.4737, 49.4547, 173.094, 160.953, 198.009, -2014.52, -1948.58, -1055.95, -1943.8, -216.712, 108.366, 636.255, -161.373, -39.4573], "ix_dgf_free": [6, 9, 10], "ix_dgf_fixed": [12, 2, 19, 15, 14, 1, 13, 17, 18, 3, 4, 16, 11, 5, 7, 8], "priors_km": [[-9.206356287151594, -6.56118137925326, -6.725433722188183, -6.56118137925326, -11.56008080470585, -7.957577403480815, -6.522701063125778, -6.571283042360924, -12.318122149338796, -12.370947288720407, -13.266204413630218, -9.326874188232134, -10.84018928167041, -6.670881618492392, -12.206072645530172, -12.775789787124355, -9.418098093957015, -10.76311394175678, -9.690853684833955], [0.8468625708051926, 2.0, 2.0, 2.0, 0.13304957855055413, 2.0, 2.0, 2.0, 2.0, 2.0, 0.2361238189969911, 2.0, 0.21080880979937786, 2.0, 0.6918302848827697, 0.14897754293212312, 0.034356147402890246, 0.12027775256229761, 0.1366925329218479]], "priors_ki": [[-7.967887047082183, -12.114911867133195, -9.864266839382847], [0.06183126686725494, 0.7310165043704989, 2.0]], "priors_kcat": [[0.7884573603642703, 2.760009940032921, 2.5649493574615367, 1.868834809141684, 5.389478144945013, 0.5969612342362173, 2.6735537653587342, 3.7695135279119976, 0.8487243948784069, -1.6713133161521878], [2.0, 2.0, 2.0, 0.9566538942495864, 0.2587688663765167, 0.25660875610976536, 0.37904661893881425, 0.6305713996118358, 0.2520517833785601, 0.1]], "priors_dissociation_constant": [[-8.059047825479158, -7.418580902748127, -8.314460637362155, -8.111728083308073, -9.291550427401726, -12.716898269296165, -12.716898269296165], [0.4948926853735078, 0.12366253373451006, 0.902639094682148, 2.0, 2.0, 2.0, 2.0]], "priors_transfer_constant": [[-2.3025850929940455, 0.0, 0.0, 1.0986122886681098], [2.0, 2.0, 2.0, 2.0]], "priors_kcat_pme": [[], []], "priors_drain_train": [[[0.000761], [0.000761], [0.000761], [0.000761], [0.000761], [0.000761]], [[7.61e-05], [7.61e-05], [7.61e-05], [7.61e-05], [7.61e-05], [7.61e-05]]], "priors_conc_enzyme_train": [[[-6.907755278982137, -6.907755278982137, -6.907755278982137, -6.907755278982137, -6.907755278982137, -6.907755278982137, -6.907755278982137, -6.502290170873972, -6.907755278982137, -6.907755278982137], [-6.907755278982137, -6.907755278982137, -6.907755278982137, -6.907755278982137, -6.907755278982137, -6.214608098422191, -6.907755278982137, -6.907755278982137, -6.907755278982137, -6.907755278982137], [-6.907755278982137, -6.907755278982137, -6.907755278982137, -6.907755278982137, -6.214608098422191, -6.907755278982137, -6.907755278982137, -6.907755278982137, -6.907755278982137, -6.907755278982137], [-6.907755278982137, -6.907755278982137, -6.907755278982137, -6.214608098422191, -6.907755278982137, -6.907755278982137, -6.907755278982137, -6.907755278982137, -6.907755278982137, -6.907755278982137], [-6.907755278982137, -6.214608098422191, -6.907755278982137, -6.907755278982137, -6.907755278982137, -6.907755278982137, -6.907755278982137, -6.907755278982137, -6.907755278982137, -6.907755278982137], [-6.907755278982137, -6.907755278982137, -6.907755278982137, -6.907755278982137, -6.907755278982137, -6.907755278982137, -6.907755278982137, -7.264430222920869, -6.907755278982137, -6.907755278982137]], [[0.1, 0.1, 0.1, 0.1, 0.1, 0.1, 0.1, 0.1, 0.1, 0.1], [0.1, 0.1, 0.1, 0.1, 0.1, 0.1, 0.1, 0.1, 0.1, 0.1], [0.1, 0.1, 0.1, 0.1, 0.1, 0.1, 0.1, 0.1, 0.1, 0.1], [0.1, 0.1, 0.1, 0.1, 0.1, 0.1, 0.1, 0.1, 0.1, 0.1], [0.1, 0.1, 0.1, 0.1, 0.1, 0.1, 0.1, 0.1, 0.1, 0.1], [0.1, 0.1, 0.1, 0.1, 0.1, 0.1, 0.1, 0.1, 0.1, 0.1]]], "priors_conc_unbalanced_train": [[[-6.56118137925326, -6.907755278982137, -7.600902459542082, -6.522701063125778, -16.11809565095832, -13.815510557964274, -10.70644959910328, -12.775233846309128, -6.670881618492392, -9.903487552536127, -6.445625693815529, -13.61665969921911, -8.314460532353833, -13.009034692097325], [-6.56118137925326, -6.907755278982137, -7.600902459542082, -6.522701063125778, -16.11809565095832, -13.815510557964274, -10.70644959910328, -12.775233846309128, -6.670881618492392, -9.903487552536127, -6.445625693815529, -13.61665969921911, -8.314460532353833, -13.009034692097325], [-6.56118137925326, -6.907755278982137, -7.600902459542082, -6.522701063125778, -16.11809565095832, -13.815510557964274, -10.70644959910328, -12.775233846309128, -6.670881618492392, -9.903487552536127, -6.445625693815529, -13.61665969921911, -8.314460532353833, -13.009034692097325], [-6.56118137925326, -6.907755278982137, -7.600902459542082, -6.522701063125778, -16.11809565095832, -13.815510557964274, -10.70644959910328, -12.775233846309128, -6.670881618492392, -9.903487552536127, -6.445625693815529, -13.61665969921911, -8.314460532353833, -13.009034692097325], [-6.56118137925326, -6.907755278982137, -7.600902459542082, -6.522701063125778, -16.11809565095832, -13.815510557964274, -10.70644959910328, -12.775233846309128, -6.670881618492392, -9.903487552536127, -6.445625693815529, -13.61665969921911, -8.314460532353833, -13.009034692097325], [-6.56118137925326, -6.907755278982137, -7.600902459542082, -6.522701063125778, -16.11809565095832, -13.815510557964274, -10.70644959910328, -12.775233846309128, -6.670881618492392, -9.903487552536127, -6.445625693815529, -13.61665969921911, -8.314460532353833, -13.009034692097325]], [[0.149, 0.1, 0.692, 0.0872, 1.0, 0.1, 0.095, 0.447, 0.753, 0.691, 0.054, 0.0871, 0.0871, 0.346], [0.149, 0.1, 0.692, 0.0872, 1.0, 0.1, 0.095, 0.447, 0.753, 0.691, 0.054, 0.0871, 0.0871, 0.346], [0.149, 0.1, 0.692, 0.0872, 1.0, 0.1, 0.095, 0.447, 0.753, 0.691, 0.054, 0.0871, 0.0871, 0.346], [0.149, 0.1, 0.692, 0.0872, 1.0, 0.1, 0.095, 0.447, 0.753, 0.691, 0.054, 0.0871, 0.0871, 0.346], [0.149, 0.1, 0.692, 0.0872, 1.0, 0.1, 0.095, 0.447, 0.753, 0.691, 0.054, 0.0871, 0.0871, 0.346], [0.149, 0.1, 0.692, 0.0872, 1.0, 0.1, 0.095, 0.447, 0.753, 0.691, 0.054, 0.0871, 0.0871, 0.346]]], "priors_conc_pme_train": [[[]], [[]]], "priors_psi_train": [[0.0, 0.0, 0.0, 0.0, 0.0, 0.0], [2.0, 2.0, 2.0, 2.0, 2.0, 2.0]], "prior_loc_dgf": [161.020387, -2263.627453, -1055.471107, -1943.542247, 654.7811668, 541.4981749, -161.2093499, -39.47325285, 49.52084426, 375.7661689, 106.298236, 221.0286719, 195.3212701, 160.8518051, 58.06358491, -216.3988763, -2016.505249, -1950.323894, -46.63513539], "prior_cov_dgf": [[17.51836103, -0.035435509, 0.114027342, 0.053362169, 1.028877536, 12.80698561, 0.094298393, 0.76885995, 12.97462841, 0.007359509, 0.772821844, 0.631407607, 0.631407607, 2.305568876, 1.447755206, 0.13699083, 0.814186311, 0.85588348, 15.01269734], [-0.035435509, 2.22005692, 0.258868113, 0.761014707, -1e-10, 0.341195482, -0.011829778, 0.0, -0.341195482, 0.444288943, -0.10108062, 0.023892737, 0.023892737, 0.0, 0.0, -0.169982816, 0.642006242, 0.553325969, 0.0], [0.114027342, 0.258868113, 0.560585689, 0.715855863, 0.0, -0.284595828, 0.066449361, 0.0, 0.284595828, -0.173813245, 0.266424499, -0.144547436, -0.144547436, 0.0, 0.0, 0.066108523, -0.065948247, 0.082736986, 0.0], [0.053362169, 0.761014707, 0.715855863, 1.231322002, -1e-10, -0.28597841, -0.001647472, 0.0, 0.28597841, -0.356157409, 0.196235377, -0.113932978, -0.113932978, 0.0, 0.0, -0.121107184, 0.128282634, 0.228041593, 0.0], [1.028877536, -1e-10, 0.0, -1e-10, 1000025.576, 4.297104388, 0.0, 1.410910281, 4.297104388, 1e-10, 38.09225442, 38.09225442, 38.09225442, 31.37531292, 15.95827159, 0.0, 11.29774021, 11.29774021, 2.066261457], [12.80698561, 0.341195482, -0.284595828, -0.28597841, 4.297104388, 16.2459485, 0.030154835, 0.292306932, 10.63168493, 1.034504533, 2.645143404, 2.911539829, 2.911539829, 0.253858458, 0.170433159, 0.00569163, 3.745987903, 3.646181849, 13.08072127], [0.094298393, -0.011829778, 0.066449361, -0.001647472, 0.0, 0.030154835, 1.861340836, 0.0, -0.030154835, 0.195520263, 0.413306346, -0.25939279, -0.25939279, 0.0, 0.0, 0.75055995, -0.039281315, -0.03285887, 0.0], [0.76885995, 0.0, 0.0, 0.0, 1.410910281, 0.292306932, 0.0, 20.04866256, 0.292306932, 0.0, 1.004228134, 1.004228134, 1.004228134, -0.185992091, 0.016237586, 0.0, 0.525143193, 0.525143193, 1.494219429], [12.97462841, -0.341195482, 0.284595828, 0.28597841, 4.297104388, 10.63168493, -0.030154835, 0.292306932, 16.2459485, -1.034504533, 2.977321173, 2.710924749, 2.710924749, 0.253858458, 0.170433159, -0.00569163, 3.443549534, 3.543355588, 13.08072127], [0.007359509, 0.444288943, -0.173813245, -0.356157409, 1e-10, 1.034504533, 0.195520263, 0.0, -1.034504533, 2.081489779, 0.002198031, 0.023993053, 0.023993053, 0.0, 0.0, 0.267260869, 0.043678223, 0.03969, 0.0], [0.772821844, -0.10108062, 0.266424499, 0.196235377, 38.09225442, 2.645143404, 0.413306346, 1.004228134, 2.977321173, 0.002198031, 457882.6649, 457879.2948, 457881.5372, 62.75997749, 31.36896392, -0.01337413, 20.34229995, 20.6177254, 0.610913519], [0.631407607, 0.023892737, -0.144547436, -0.113932978, 38.09225442, 2.911539829, -0.25939279, 1.004228134, 2.710924749, 0.023993053, 457879.2948, 457895.226, 457880.2767, 62.75997749, 31.36896392, 0.082812953, 20.55513783, 20.66352847, 0.610913519], [0.631407607, 0.023892737, -0.144547436, -0.113932978, 38.09225442, 2.911539829, -0.25939279, 1.004228134, 2.710924749, 0.023993053, 457881.5372, 457880.2767, 457882.5191, 62.75997749, 31.36896392, 0.082812953, 20.55513783, 20.66352847, 0.610913519], [2.305568876, 0.0, 0.0, 0.0, 31.37531292, 0.253858458, 0.0, -0.185992091, 0.253858458, 0.0, 62.75997749, 62.75997749, 62.75997749, 1000065.78, 33.70864371, 0.0, 5.814183212, 5.814183212, -0.59937637], [1.447755206, 0.0, 0.0, 0.0, 15.95827159, 0.170433159, 0.0, 0.016237586, 0.170433159, 0.0, 31.36896392, 31.36896392, 31.36896392, 33.70864371, 1000017.448, 0.0, 2.314393572, 2.314393572, -0.193199527], [0.13699083, -0.169982816, 0.066108523, -0.121107184, 0.0, 0.00569163, 0.75055995, 0.0, -0.00569163, 0.267260869, -0.01337413, 0.082812953, 0.082812953, 0.0, 0.0, 1.302666887, -0.102063789, -0.086507088, 0.0], [0.814186311, 0.642006242, -0.065948247, 0.128282634, 11.29774021, 3.745987903, -0.039281315, 0.525143193, 3.443549534, 0.043678223, 20.34229995, 20.55513783, 20.55513783, 5.814183212, 2.314393572, -0.102063789, 46.67465295, 46.4784223, 1.014706708], [0.85588348, 0.553325969, 0.082736986, 0.228041593, 11.29774021, 3.646181849, -0.03285887, 0.525143193, 3.543355588, 0.03969, 20.6177254, 20.66352847, 20.66352847, 5.814183212, 2.314393572, -0.086507088, 46.4784223, 46.63542191, 1.014706708], [15.01269734, 0.0, 0.0, 0.0, 2.066261457, 13.08072127, 0.0, 1.494219429, 13.08072127, 0.0, 0.610913519, 0.610913519, 0.610913519, -0.59937637, -0.193199527, 0.0, 1.014706708, 1.014706708, 16.61784088]], "N_experiment_train": 6, "N_flux_measurement_train": 30, "N_enzyme_measurement_train": 0, "N_conc_measurement_train": 24, "N_enzyme_knockout_train": 0, "N_pme_knockout_train": 0, "temperature_train": [298.15, 298.15, 298.15, 298.15, 298.15, 298.15], "enzyme_knockout_train_long": [], "enzyme_knockout_train_bounds": [[1, 0], [1, 0], [1, 0], [1, 0], [1, 0], [1, 0]], "pme_knockout_train_long": [], "pme_knockout_train_bounds": [[1, 0], [1, 0], [1, 0], [1, 0], [1, 0], [1, 0]], "yconc_train": [5.79e-06, 5.94e-05, 3.52e-06, 4.33e-05, 2.47e-06, 5.68e-05, 3.82e-06, 3.96e-05, 4.26e-06, 9.2e-05, 4.17e-06, 4.27e-05, 5.68e-06, 7.66e-05, 4.2e-06, 4.14e-05, 5.22e-06, 0.000108, 4.86e-06, 4.07e-05, 5.72e-06, 0.000109, 5.65e-06, 4.39e-05], "sigma_yconc_train": [0.1, 0.1, 0.1, 0.1, 0.1, 0.1, 0.1, 0.1, 0.1, 0.1, 0.1, 0.1, 0.1, 0.1, 0.1, 0.1, 0.1, 0.1, 0.1, 0.1, 0.1, 0.1, 0.1, 0.1], "experiment_yconc_train": [1, 1, 1, 1, 2, 2, 2, 2, 3, 3, 3, 3, 4, 4, 4, 4, 5, 5, 5, 5, 6, 6, 6, 6], "mic_ix_yconc_train": [12, 5, 9, 1, 12, 5, 9, 1, 12, 5, 9, 1, 12, 5, 9, 1, 12, 5, 9, 1, 12, 5, 9, 1], "yflux_train": [0.00105, 0.000719, 1.9e-05, 9.7e-05, 0.000131, 0.000992, 0.000607, 1.8e-05, 8.6e-05, 0.000132, 0.001088, 0.00063, 4e-05, 7.5e-05, 0.000135, 0.001125, 0.000641, 6.2e-05, 9.5e-05, 0.000134, 0.001175, 0.000699, 5.8e-05, 9.2e-05, 0.000129, 0.001106, 0.000588, 6e-05, 0.0001, 0.000138], "sigma_yflux_train": [9.96e-05, 7.26e-05, 1.9e-06, 1.03e-05, 1.33e-05, 9.55e-05, 6.22e-05, 1.8e-06, 8.7e-06, 1.39e-05, 0.0001153, 6.31e-05, 3.8e-06, 7.7e-06, 1.39e-05, 0.0001195, 6.57e-05, 6.2e-06, 9.6e-06, 1.4e-05, 0.0001166, 7.37e-05, 5.9e-06, 9.3e-06, 1.33e-05, 0.0001122, 5.79e-05, 6.2e-06, 9.7e-06, 1.43e-05], "experiment_yflux_train": [1, 1, 1, 1, 1, 2, 2, 2, 2, 2, 3, 3, 3, 3, 3, 4, 4, 4, 4, 4, 5, 5, 5, 5, 5, 6, 6, 6, 6, 6], "reaction_yflux_train": [5, 8, 4, 6, 10, 5, 8, 4, 6, 10, 5, 8, 4, 6, 10, 5, 8, 4, 6, 10, 5, 8, 4, 6, 10, 5, 8, 4, 6, 10], "yenz_train": [], "sigma_yenz_train": [], "experiment_yenz_train": [], "enzyme_yenz_train": [], "likelihood": 1, "drain_small_conc_corrector": 1e-06, "penalize_non_steady": 0, "steady_state_threshold_abs": 1e-08, "steady_state_threshold_rel": 0.001, "steady_state_penalty_rel": 1e-08, "rel_tol_ode": 0.0001, "abs_tol_ode": 1e-09, "max_num_steps_ode": 1000000, "rel_tol_alg": 0.0001, "abs_tol_alg": 1e-09, "max_num_steps_alg": 1000000, "conc_init": [[4.329999999999997e-05, 5.939999999999998e-05, 1.9999999999999989e-07, 3.5200000000000023e-06, 5.789999999999997e-06], [3.9600000000000014e-05, 5.680000000000003e-05, 1.9999999999999989e-07, 3.820000000000001e-06, 2.4699999999999984e-06], [4.270000000000002e-05, 9.200000000000005e-05, 1.9999999999999989e-07, 4.1699999999999965e-06, 4.260000000000002e-06], [4.1400000000000003e-05, 7.66e-05, 1.9999999999999989e-07, 4.199999999999996e-06, 5.679999999999997e-06], [4.070000000000003e-05, 0.00010800000000000008, 1.9999999999999989e-07, 4.860000000000004e-06, 5.2199999999999975e-06], [4.3899999999999976e-05, 0.00010900000000000002, 1.9999999999999989e-07, 5.6499999999999976e-06, 5.7199999999999994e-06]]}