{
    "algorithm": [
        "hmc",
        "hmc",
        "hmc",
        "hmc"
    ],
    "arviz_version": "0.13.0",
    "comments": [
        "# stan_version_major = 2\n# stan_version_minor = 32\n# stan_version_patch = 2\n# model = model_model\n# start_datetime = 2023-10-17 10:59:41 UTC\n# method = sample (Default)\n#   sample\n#     num_samples = 1000 (Default)\n#     num_warmup = 1000 (Default)\n#     save_warmup = 1\n#     thin = 1 (Default)\n#     adapt\n#       engaged = 1 (Default)\n#       gamma = 0.050000000000000003 (Default)\n#       delta = 0.94999999999999996\n#       kappa = 0.75 (Default)\n#       t0 = 10 (Default)\n#       init_buffer = 30\n#       term_buffer = 50 (Default)\n#       window = 25 (Default)\n#     algorithm = hmc (Default)\n#       hmc\n#         engine = nuts (Default)\n#           nuts\n#             max_depth = 10 (Default)\n#         metric = dense_e\n#         metric_file =  (Default)\n#         stepsize = 0.025000000000000001\n#         stepsize_jitter = 0 (Default)\n#     num_chains = 1 (Default)\n# id = 1 (Default)\n# data\n#   file = methionine_outputs/maud_output-methionine_cycle_6-20231017125839/samples/input_data_train.json\n# init = methionine_outputs/maud_output-methionine_cycle_6-20231017125839/samples/inits.json\n# random\n#   seed = 33969\n# output\n#   file = /Users/nicow/Maud/methionine_outputs/maud_output-methionine_cycle_6-20231017125839/samples/model-20231017125941_1.csv\n#   diagnostic_file =  (Default)\n#   refresh = 1\n#   sig_figs = -1 (Default)\n#   profile_file = profile.csv (Default)\n# num_threads = 1 (Default)\n# stanc_version = stanc3 v2.32.2\n# stancflags = --filename-in-msg=model.stan --include-paths=/Users/nicow/Maud/maud/stan\n# Adaptation terminated\n# Step size = 0.00916849\n# Elements of inverse mass matrix:\n# 1.89159, 0.680011, 0.598298, 0.00616399, 0.21564, 0.00380173, -0.146823, -0.385267, 0.0594615, -0.0156638, -0.032442, 0.00221822, 0.0682233, -0.116873, 0.151816, -0.0355995, -0.0591532, -0.00779815, 0.0200588, -0.0513295, 0.0708955, -0.0688498, -0.0547716, -0.0681355, 0.0116704, -0.255609, 0.0104403, -0.00588944, -0.228432, 0.168617, 0.00558559, 0.101261, -0.508813, -0.11282, 0.0159903, -0.159339, -0.0548839, -0.160971, 0.132087, 0.25079, -0.0465869, 0.157573, -0.111982, -0.0495168, 0.0201338, -0.0729974, 0.272529, -0.282088, -0.0629037, 0.503412, -0.156386, -0.136973, -0.0816982, -0.168027, 0.0117368, -0.130942, -0.0479671, -0.0965426, -0.11128, -0.0149741, 0.0143074, -0.0394425, -0.055199, 0.105252, 0.206086, 0.187064, 0.356794, -0.0547758, -0.0649405, -0.102864, -0.0508344, -0.128282, 0.380491, -0.0720093, -0.0200414, -0.0386645, 0.12471, 0.0153805, 0.023777, 0.114134, -0.0972536, 0.124367, 0.0234164, 0.0821512, 0.0370864, 0.175232, -0.110915, 0.0260213, 0.0821267, 0.0588968, 0.00904155, 0.157874, -0.0182011, 0.0980868, -0.0342567, 0.107244, 0.0345557, 0.0652464, -0.0679874, 0.339384, 0.135553, -0.0939465, 0.124644, -0.0979739, -0.113066, 0.136513, -0.125557, -0.106146, -0.00834113, -0.063484, -0.076465, -0.0446099, -0.055778, 0.102946, -0.049578, 0.0284839, 0.359478, 0.100485, -0.0188933, -0.205735, 0.134281, 0.0619691, 0.138001, -0.234258, 0.0223662, -0.084814, 0.0739815, 0.0379492, -0.030196, -0.218, 0.0149077, -0.0537218, -0.209051, -0.0972591, -0.1531, 0.0775287, -0.18601, -0.192805, 0.153711, -0.030674, 0.0581931, 0.11256, -0.0756563, 0.211458, -0.079285, 0.407873, -0.184186, -0.093386, 0.0369062, 0.153518, -0.171792, 0.183392, -0.363742, 0.0103356, -0.0761194, 0.117046, -0.00540443, -0.338547, 0.0913956, 0.197131, -0.0223365, 0.271991, -0.044821, -0.194058, 0.222216, -0.137701, 0.000431808, -0.0411492, 0.0913387, -0.0248034, -0.178556, 0.085335, 0.0939005, -0.102125, -0.0518566, 0.0742354, -0.0839723, -0.0756953, -0.160873, 0.0865621, 0.237931, -0.00590375, 0.13077, 0.0442621, 0.105433, 0.0577408, -0.0639767, -0.412211, -0.119509, 0.299801, -0.0167272, -0.0839868, 0.157944, -0.0198598, 0.159101, -0.0804977, 0.00796758, 0.0789919, 0.0577248, 0.117041, 0.2379, 0.168781\n# 0.680011, 1.74462, -0.716753, 0.00517767, -0.176431, -0.000409066, 0.288384, 0.03937, 0.135529, -0.0321483, 0.0581686, 0.0788983, -0.0745025, 0.0480762, -0.102084, 0.192111, 0.0798768, 0.00380279, 0.0415158, 0.0504946, -0.0570533, -0.289058, 0.15173, -0.184939, 0.0161904, -0.222736, 0.0678175, 0.0320706, 0.266349, -0.0117236, 0.121906, -0.169264, -0.281436, 0.00990166, -0.0287613, -0.0529331, 0.375016, -0.24225, -0.15646, -0.0760489, -0.171625, -0.237863, -0.171549, 0.172156, -0.0468951, -0.0846489, -0.167575, 0.239924, 0.296951, -0.181133, 0.203903, 0.147871, 0.176604, 0.162833, -0.04075, -0.0411575, 0.113297, 0.162665, 0.0431534, 0.150212, 0.0197365, 0.143635, -0.0105399, -0.262969, 0.0207492, -0.0873377, -0.0854367, 0.182618, -0.0562293, 0.188072, -0.130629, 0.0770981, -0.226201, -0.231165, 0.320635, 0.139368, -0.321528, -0.097683, 0.137546, 0.0347837, 0.0755075, -0.0152448, 0.0720061, -0.42951, 0.138701, -0.241636, 0.0446618, -0.0862487, -0.194956, 0.160789, -0.0754698, -0.156271, -0.0113097, -0.0947274, 0.204402, -0.231377, -0.0019848, -0.19713, 0.120988, -0.00749925, -0.0468727, -0.0942435, -0.122777, -0.183452, -0.0616268, -0.00386236, 0.0254933, 0.0526674, 0.0017866, 0.00411214, 0.0864894, -0.0876503, -0.0159694, -0.0969041, -0.172311, 0.0828722, 0.00948005, 0.0578791, -0.0699625, -0.112402, -0.34977, 0.115418, 0.0276712, 0.178335, -0.00770559, -0.0604572, 0.0447407, -0.220226, 0.189398, 0.354098, -0.0205408, -0.0258594, 0.199765, 0.0114356, 0.15118, -0.0987135, -0.00515912, 0.055293, 0.28754, -0.0112013, -0.102701, -0.233272, -0.0102288, 0.0301336, 0.0291186, -0.140751, -0.078039, -0.190527, -0.0451819, -0.231953, 0.0462939, -0.0742918, 0.297854, -0.106594, 0.135102, 0.279024, -0.278455, 0.119909, -0.121444, -0.293973, 0.0479205, -0.200014, 0.071756, 0.0141631, -0.0388208, -0.152214, -0.0706076, -0.0660137, 0.0483429, -0.229736, -0.241334, 0.354214, -0.157957, -0.0181992, -0.177112, 0.051142, 0.0488484, -0.125592, 0.0023089, 0.0707228, 0.124526, -0.0841179, 0.0629099, 0.117539, 0.157819, -0.081161, 0.216046, 0.285473, -0.126364, -0.0486071, -0.0340142, 0.175417, -0.366453, -0.114429, -0.169584, -0.0837502, 0.159268, 0.134195, 0.218531, -0.213595, 0.13622, -0.00314288\n# 0.598298, -0.716753, 1.39953, -0.00133794, 0.302382, 0.00168002, -0.348474, -0.35644, -0.14673, 0.0154493, -0.0790085, -0.0670003, 0.0980985, -0.138012, 0.225594, -0.1993, -0.0917614, 0.00558025, -0.0548122, -0.0394589, -0.0295078, 0.166677, -0.130589, 0.065756, -0.0120848, 0.00621034, -0.037973, -0.0481075, -0.342555, 0.00767967, -0.0439866, 0.202486, -0.154838, -0.117917, 0.0070465, -0.113608, -0.358123, 0.0262816, 0.226078, 0.298194, 0.204103, 0.260375, 0.139033, -0.155075, 0.0652335, 0.141768, 0.374102, -0.307377, -0.423342, 0.446855, -0.239105, -0.210838, -0.167382, -0.264349, 0.00621674, -0.000951776, -0.131847, -0.206744, -0.0793004, -0.117412, 0.0134678, -0.139303, -0.0169286, 0.280051, 0.109925, 0.172968, 0.277487, -0.196592, -0.0314629, -0.244931, 0.0720197, -0.112963, 0.313103, 0.173744, -0.258126, -0.181304, 0.428118, 0.0462677, -0.131613, 0.165951, -0.175666, 0.109852, -0.0886984, 0.453532, -0.0906531, 0.387022, -0.18722, 0.0642585, 0.282421, -0.0198154, 0.0451459, 0.279392, -0.0362206, 0.180784, -0.192841, 0.237556, -0.0514397, 0.280538, -0.137439, 0.266653, 0.0744964, 0.0354118, 0.1918, 0.0396783, 0.000972728, 0.0511034, -0.140677, -0.0328037, 0.0563459, -0.0425656, -0.117255, 0.0621183, -0.0250037, 0.193274, 0.028961, -0.0609015, 0.19163, 0.0674971, 0.06339, -0.0282984, 0.365767, -0.09253, 0.122773, -0.235573, 0.0273982, 0.0331101, 0.0249583, 0.137552, -0.146064, -0.487866, 0.0510664, -0.0371873, -0.300354, -0.0884747, -0.157375, 0.20462, -0.149825, -0.206202, -0.144111, 0.0179522, 0.141961, 0.256877, 0.0210001, 0.0971635, -0.105138, 0.373996, -0.177845, 0.163838, 0.157018, 0.361052, -0.140395, -0.0841361, -0.400141, 0.151697, -0.1395, -0.231796, 0.268349, -0.296081, 0.214187, 0.359581, -0.0842025, 0.400791, -0.175612, -0.211218, 0.175633, 0.0113491, -0.0595624, 0.0785286, 5.57835e-05, 0.180231, 0.0896051, -0.203702, 0.170649, -0.031871, 0.0150341, 0.0247677, -0.0578694, 0.0378365, -0.100387, 0.0620375, 0.0755229, 0.110193, 0.0200397, -0.123739, -0.05953, 0.0464074, -0.24646, -0.53008, 0.0888883, 0.238382, 0.144455, -0.204724, 0.375462, 0.142732, 0.197639, 0.058429, -0.082507, -0.133939, -0.145016, 0.250914, -0.0645313, 0.0627998\n# 0.00616399, 0.00517767, -0.00133794, 0.107637, 0.0211166, -1.95481e-06, 0.0467019, -0.0432165, 0.0321995, -0.00450709, 0.0306006, 0.0225058, -0.0272372, 0.143812, 0.142251, 0.0128272, -0.00419189, -0.00844368, 0.00362457, 0.0297424, -0.00284318, 0.00921951, -0.00939275, -0.0406434, 0.00547595, -0.0136068, 0.000797303, 0.033801, -0.000409648, -0.0284443, 0.0297257, -0.0278626, -0.0433422, -0.0512396, -0.00202002, -0.0191374, 0.0283933, -0.0201168, 0.0368986, 0.00548377, -0.049228, 0.0234788, -0.00778011, -0.0106538, -0.0265341, -0.0316499, -0.0254309, 0.00181572, -0.030258, 0.0332735, -0.0122532, -0.0450072, 0.01163, 0.0116086, 0.00779051, 0.00337963, -0.0211734, -0.00606982, 0.0108919, -0.0177819, -0.004556, 0.0177906, 0.0263279, -0.0174358, -0.0107533, 0.0111, 0.0250431, 0.0253761, -6.30227e-05, -0.0248083, -0.00917643, -0.000264294, 0.0165326, -0.0538656, 0.0210492, 0.0089182, -0.00412226, -0.0191709, -0.0169643, 0.0297752, 0.0179884, -0.0272974, -0.000947957, 0.0185474, -0.0298505, 0.0419876, 0.0155455, -0.0185386, -0.0306144, -0.0131292, 0.0291895, 0.00730802, -0.0142643, -0.00424255, -0.00287999, 0.021559, -0.0148896, 0.0253935, 0.022561, -0.0169446, 0.0115524, 0.00326726, 0.0254443, -0.0187863, 0.0138808, -0.00317762, 0.0216889, -0.0173155, -0.00163589, -0.0241973, 0.00130687, 0.0111931, 0.0122166, 0.0290588, -0.0493873, 0.013274, -0.0130926, 0.021545, -0.0289871, 0.0690674, 0.00985968, 0.00911765, 0.06315, -0.0199856, -0.000158992, -0.0196671, -0.0111726, -0.0209948, 0.0311719, -0.00262488, 0.0541097, 0.0327543, -0.0168329, -0.00832503, 0.0191524, -0.0193692, 0.0443868, -0.00477804, -0.00585106, -0.0178552, -0.0179838, -0.00320124, 0.0196262, -0.0103265, -0.0287133, -0.00921794, 0.000691883, -0.0417949, -0.0375101, 0.0115164, -0.0220021, 0.0198551, 0.0131912, -0.00803233, 0.0124807, -0.0016198, -0.0557787, 0.0024349, -0.00720764, 0.0350112, 0.0350166, 0.0123927, -0.00988754, -0.0416071, 0.0371939, -0.0469816, 0.00397813, -0.00240178, 0.0164396, 0.0119437, -0.0578352, -0.00133875, -0.027758, 0.04359, -0.0101281, -0.00439114, 0.000241795, 0.00180022, -0.0387457, -0.0454258, -0.000795109, -0.0147486, 0.0132893, -0.0153449, 0.0392121, 0.00869764, 0.0172512, 0.00550142, -0.024733, -0.00410167, -0.00900717, 0.0127871, -0.0267305, -0.0313108, -0.0353277, 0.00213156, 0.0149604, 0.00643823, 0.00617056, 0.0332701, -0.0238782, 0.0356553\n# 0.21564, -0.176431, 0.302382, 0.0211166, 0.917034, 0.000845302, -0.0439672, -0.324337, -0.0739639, 0.0275322, -0.0976111, -0.0668151, -0.0562156, -0.0733547, 0.223466, -0.00532551, -0.0878389, -0.0847153, -0.0827453, -0.0179621, -0.0163022, 0.0408572, -0.0882581, 0.0588565, -0.00638277, -0.0191729, 0.00332157, -0.066851, -0.155568, 0.169454, 0.126375, -0.00942095, -0.181947, -0.232859, -0.173932, -0.196031, -0.0908544, 0.00210826, 0.0686716, 0.275979, 0.0806005, 0.407568, 0.155501, 0.194166, -0.0843743, -0.0705431, 0.118243, -0.124839, -0.483776, 0.424591, -0.213897, -0.344497, -0.0461858, -0.122389, -0.0444169, -0.0606998, -0.129701, -0.167713, 0.0153321, -0.0492908, 0.00904094, -0.144599, 0.029003, 0.0891447, -0.00118281, 0.20034, 0.298117, -0.00439092, -0.0084121, -0.0995925, -0.0036823, -0.159487, 0.327436, 0.0843479, 0.0441989, -0.0304938, 0.328655, 0.0207962, -0.0615119, 0.0504108, -0.182388, -0.0324555, -0.0460924, 0.229089, 0.00711612, 0.272003, -0.0473099, 0.0313762, 0.149529, 0.0425222, 0.151132, 0.314239, 0.19545, 0.119949, -0.0985278, 0.177156, 0.0318678, 0.166795, -0.251299, 0.183555, 0.104575, -0.00600988, -0.0112883, 0.136964, 0.155176, 0.166496, -0.126535, -0.0706357, 0.0114092, -0.00433655, -0.0770788, 0.0745509, 0.122893, 0.215798, 0.052149, 0.00586122, 0.109574, -0.00258771, -0.103248, 0.199659, 0.249676, -0.0726619, 0.0838179, -0.256105, -0.104836, -0.0429923, 0.0692848, 0.00428313, -0.0431948, -0.219972, 0.293734, -0.179509, -0.234737, -0.0339894, -0.20322, 0.0717662, -0.0466346, -0.0435736, 0.0289276, -0.00244919, 0.0451131, 0.223877, -0.10605, 0.12899, -0.160886, 0.0669252, -0.159782, -0.0661915, 0.122872, 0.276524, -0.211644, 0.054914, -0.380728, 0.0448236, -0.0696363, -0.0103766, -0.0245331, -0.267914, 0.158349, 0.188254, -0.00220992, 0.32192, -0.186039, -0.197896, 0.17074, 0.0740699, -0.055308, 0.035391, 0.136369, 0.167528, -0.0301584, -0.0393033, 0.0650637, 0.0374006, -0.00764204, -0.165828, 0.0798736, -0.0489748, -0.227338, 0.0302848, 0.152802, 0.0798033, 0.0843525, -0.140221, 0.17292, -0.0291529, -0.0511437, -0.318823, -0.161552, 0.258841, 0.197546, -0.0332818, 0.190355, 0.114308, 0.0643294, 0.0278257, 0.000596808, -0.0231891, 0.0312568, 0.220677, 0.0547333, 0.0314396\n# 0.00380173, -0.000409066, 0.00168002, -1.95481e-06, 0.000845302, 0.00090356, -0.00045711, 0.000763101, -1.00984e-05, -0.00109719, -0.00075887, 0.000503168, -0.000789134, -0.00183315, 0.00039525, -0.00147888, -0.00258317, 0.00620727, -0.00211619, 0.00146274, 0.000272772, 0.00027846, -0.000857724, -0.00150186, 6.95737e-05, -0.00242468, -0.00227258, -0.000599072, 0.000325072, -0.00124668, -0.000535383, -0.000292333, -0.00408472, -0.00264757, -0.00141637, -0.00200165, -0.000634013, 0.00108926, 0.00165705, 0.00254274, -0.000664418, -0.000841854, 0.000786439, 0.000173419, -0.00119314, -0.000106893, -0.0005378, -0.00291439, 0.0011794, 0.00264608, -0.00317459, -0.000138542, -0.000222928, 0.000257137, 0.00034742, -0.000539707, -0.00163954, -0.000230141, -0.000625055, 0.00207661, -0.00742998, 0.00151619, 0.00042928, 0.00183666, -7.84735e-05, 0.000482314, 0.00515567, -0.000939877, -0.00136103, 0.00152279, -0.00740453, -0.000814838, 0.0024933, -0.00177196, 0.000395207, 0.00119516, 0.000385034, 3.53803e-05, 8.34792e-05, -0.000665399, -0.00742607, 0.000554767, 0.000890009, 3.28407e-05, -0.00140375, 0.00120941, 0.000497729, 0.00183079, 0.00141485, 0.000725201, -0.00519401, 0.00239593, 0.000212374, 0.0012927, -0.00138146, 0.00133864, 0.00040167, -0.000757851, -0.000868067, 0.00189035, -0.0043664, -0.000507825, 0.00143731, -0.00257473, -0.00194395, 0.000188128, -0.00285738, -0.00230621, 0.000723802, -0.00257688, -0.00640666, -0.00205189, 0.00184797, 0.000965965, -0.0010658, -0.000933102, 0.000134982, 0.000738965, 0.00165792, -0.00226885, 0.000654671, -6.143e-05, 0.000902731, -0.00319401, 5.01897e-05, -0.00171502, 0.000597306, 0.00207904, -0.00105991, 0.000409482, -0.000318023, -0.000670788, -0.00118513, -0.000136792, -0.000449705, 0.000265372, -0.00126856, 6.4628e-05, 0.00301389, -0.000625121, -0.000961061, 0.000323438, 0.00287483, 0.00280773, 0.00111651, 0.0032435, -0.00104854, -0.00155098, 0.00116545, -0.0011653, -0.00415669, -0.000634674, -0.00201794, -0.000471782, -0.00052973, 0.00118073, 0.00151164, 0.000820761, -0.00125034, -0.000289927, -0.000311617, 0.00276417, 0.00138152, 0.000498404, 0.000821385, 0.000208156, -0.00213297, -0.000760603, 0.00112004, 0.00259673, -0.000602045, 0.00116992, 0.00354456, -0.0024491, 0.00262827, -0.00239181, 0.00238501, 0.000697625, -0.002479, -0.00155576, 0.00108153, -0.000379267, 0.00211666, 0.000665467, 0.00113793, 0.00170226, -0.00109801, 6.01274e-05, 0.000905661, 5.39492e-07, -0.000990244, 0.000969433, 0.00153087, 0.00112322, 0.00248014, -0.000829288, -0.0012982, 0.000850302, 0.00298967, 0.00160513, 0.00387415, -0.000285628\n# -0.146823, 0.288384, -0.348474, 0.0467019, -0.0439672, -0.00045711, 0.876635, 0.0589657, 0.148719, -0.0636947, 0.03135, 0.107494, -0.138539, 0.0493707, 0.0279409, 0.156343, -0.0817261, 0.131391, 0.205174, 0.198239, -0.00299837, -0.0833151, 0.172942, -0.162907, 0.0208042, -0.0171159, 0.0209849, 0.0204703, 0.0936895, 0.0143581, 0.069397, -0.13418, -0.286646, -0.19215, -0.0307617, 0.0346319, 0.295273, -0.151467, 0.0224091, 0.0622257, -0.264898, 0.0342346, -0.103234, 0.185096, -0.01348, -0.106387, -0.202361, 0.271692, 0.0503706, 0.0506333, 0.14127, -0.147119, 0.0921932, 0.157223, -0.0416177, -0.0243336, -0.00563191, 0.0975705, 0.0949716, 0.0231413, -0.0550121, 0.0929291, -0.00971312, -0.0764914, -0.103879, -0.0121959, -0.0395278, 0.221169, 0.0495802, 0.158411, -0.0123892, 0.0236612, -0.117711, -0.251986, 0.166596, 0.139604, -0.264088, -0.0505317, 0.106157, 0.0661676, 0.119313, -0.0760014, 0.078803, -0.152829, -0.0591414, -0.1159, 0.0721312, -0.0860394, -0.109705, 0.0567682, 0.0592306, 0.0658431, -0.00263128, -0.090247, 0.113267, -0.151916, -0.12243, -0.0788083, 0.0232501, -0.0500553, -0.0680196, -0.0829902, -0.163109, -0.0650009, 0.0935351, 0.00903785, 0.131539, 0.0357804, -0.066248, -0.117114, 0.0250322, -0.0578341, 0.146179, 0.00129588, -0.129347, 0.00498726, 0.0424185, 0.0746737, 0.0235676, 0.267891, -0.159863, 0.182332, 0.0120048, 0.0334466, 0.0383718, -0.0242257, -0.0234235, -0.110291, 0.261827, 0.26604, 0.0812049, -0.0164335, 0.271383, -0.031202, 0.123578, -0.0719593, 0.0780017, 0.0903059, 0.128631, -0.0174113, -0.0440788, -0.135184, -0.00783447, -0.0292869, -0.0150125, -0.137566, -0.0483677, -0.329517, -0.0507747, -0.174144, -0.0375734, 0.0842455, 0.171734, -0.0296282, 0.160553, 0.15328, -0.201686, 0.153236, -0.0368802, -0.140391, 0.219664, 0.0326683, 0.0511297, -0.0837128, 0.0679929, 0.0500828, -0.0192585, 0.00867152, 0.0725404, -0.0738033, -0.255988, 0.293447, -0.0670848, 0.026773, -0.0551837, 0.0619895, 0.135201, -0.0525178, -0.144194, -0.0162182, -0.0444686, -0.0429068, 0.0258033, 0.0126341, 0.236473, -0.053635, 0.197978, 0.254788, 0.00304639, -0.0864243, 0.0444055, 0.0922832, -0.338501, -0.00411004, -0.283904, -0.0284462, 0.080394, 0.0771667, 0.18529, -0.0256786, 0.104071, 0.000914343\n# -0.385267, 0.03937, -0.35644, -0.0432165, -0.324337, 0.000763101, 0.0589657, 0.827678, -0.0031727, -0.0355964, 0.0303157, -0.0205464, 0.0612356, 0.0934485, -0.224888, 0.0872821, 0.105306, 0.0560701, 0.0171603, 0.0447013, 0.0796984, -0.0133859, 0.0925671, -0.0839733, -0.00152102, 0.0644953, -0.0104394, 0.000219465, 0.189999, -0.0236798, 0.0125425, 0.0310434, 0.366226, 0.172773, 0.0311361, 0.151974, 0.0040811, 0.0803009, -0.145037, -0.39234, -0.0521966, -0.309153, -0.123366, -0.0439808, -0.00951965, 0.00818893, -0.216487, 0.0737419, 0.321415, -0.396552, 0.175306, 0.28955, 0.0627539, 0.0915674, 0.00128206, 0.0234035, 0.115482, 0.145683, 0.0196199, 0.0943238, -0.00862776, 0.0502876, 0.0109326, -0.119687, -0.0660931, -0.159211, -0.353128, -0.0227284, 0.0348025, 0.114897, -0.0168171, 0.0744572, -0.361251, -0.0211959, 0.0311103, -0.0500837, -0.172086, 0.0153194, 0.0292551, -0.0458273, 0.0639628, 0.0161948, 0.0762662, -0.177291, 0.0207928, -0.255377, 0.100086, -0.0464775, -0.0920372, 0.0101954, -0.110885, -0.242597, -0.0474653, -0.0651266, 0.0703179, -0.245304, -0.0113161, -0.191527, 0.152092, -0.17806, -0.109689, -0.0146731, -0.0338074, 0.0375899, -0.0392964, -0.105747, 0.0403436, 0.0227821, 0.0053581, 0.0341678, 0.067551, -0.104679, -0.0974153, -0.193583, 0.0351406, 0.0112316, -0.13013, -0.0943062, 0.032436, -0.183889, -0.10211, 0.0230624, -0.158958, 0.205003, 0.0243239, 0.0793923, -0.0341703, -0.0360487, 0.0194913, 0.168758, -0.237649, 0.0919785, 0.17095, 0.117849, 0.156415, -0.0748836, 0.0391702, 0.107458, -0.0116384, 0.0159503, -0.0394814, -0.231579, -0.01793, -0.0720177, 0.135823, -0.103972, 0.112453, 0.126656, -0.0928522, -0.286632, 0.145509, -0.0399524, 0.252209, -0.0310117, 0.0417179, 0.0400658, 0.0914085, 0.115484, -0.104175, -0.239479, -0.110434, -0.287154, 0.162188, 0.165423, -0.175228, 0.0436684, 0.00434442, 0.007463, -0.0915916, -0.182176, 0.0898202, -0.00949581, -0.0914835, -0.0451101, -0.086832, -0.0303569, -0.0680342, 0.0424458, 0.257154, 0.08453, -0.138633, -0.0215208, -0.0897817, 0.094901, -0.104049, -0.0206777, 0.0858647, 0.179207, 0.0017628, -0.17848, -0.172538, 0.128276, -0.15777, -0.111758, -0.0233876, -0.0110335, -0.00494592, 0.0552889, 0.082498, -0.250283, 0.0209151, -0.00857874\n# 0.0594615, 0.135529, -0.14673, 0.0321995, -0.0739639, -1.00984e-05, 0.148719, -0.0031727, 0.865971, -0.0783557, -0.0478014, 0.0798971, -0.0319759, 0.0366959, -0.0263071, 0.0669876, -0.0340742, -0.00684831, 0.0444183, 0.00792617, 0.0281382, 0.00852457, -0.00618392, -0.0781533, 0.116247, -0.0388613, -0.0123085, -0.0550236, 0.0280439, -0.0246058, 0.0537674, 0.00641521, -0.254169, -0.0246979, -0.0290799, -0.0283155, 0.155945, -0.107568, 0.0261145, 0.00873788, -0.165042, -0.0873137, -0.0473344, 0.089107, 0.0293898, -0.0535981, -0.0335435, -0.0536534, 0.15397, 0.114052, 0.0906369, 0.0583341, 0.02627, 0.0589945, -0.0300261, -0.0328486, 0.0341633, -0.00216373, 0.0512098, -0.0536423, -0.0423717, -0.0463466, -0.0250242, -0.19745, 0.0305613, -0.0407118, 0.0948301, 0.0817112, 0.0361962, -0.0193017, 0.0314866, 0.0229223, -0.00869895, -0.159665, -0.0328377, 0.102831, -0.10418, -0.0270901, 0.0429766, 0.0505133, 0.136101, -0.0481025, 0.132597, -0.096616, 0.08342, -0.0666779, 0.137059, 0.00318292, -0.0918102, 0.137964, 0.0254009, -0.154486, -0.148487, -0.00550931, -0.0194684, -0.0205345, -0.0683299, 0.0372461, 0.0946878, -0.0889957, 0.0172399, 0.00741921, -0.0759043, -0.135598, 0.0738558, -0.0499155, 0.130417, 0.00814043, -0.0833325, -0.0909449, 0.00579235, 0.0557464, -0.113637, -0.0552641, 0.027633, -0.0230327, 0.0361633, 0.111742, -0.0773235, 0.048076, -0.0158648, 0.0181894, -0.0144259, 0.0335586, 0.0210296, -0.0947162, -0.0206732, -0.0435919, 0.140883, 0.115208, 0.0367274, 0.100769, 0.0840476, -0.0407183, 0.051299, -0.139621, 0.0294397, 0.0417337, 0.101853, -0.0604246, 0.0288367, -0.0148473, -0.0962564, -0.0702868, 0.00283051, -0.0372395, 0.156674, -0.108292, -0.218211, -0.136735, 0.0720398, 0.0743149, -0.0181494, -0.0870745, 0.0796884, 0.020911, -0.11441, 0.039928, -0.0684384, 0.0391302, 0.143929, -0.0561248, -0.0831943, 0.00284799, 0.0584817, -0.107767, 0.0214527, -0.0418033, 0.0477571, 0.00654981, -0.172418, 0.0391543, -0.0325445, 0.00753098, 0.0317837, 0.0173329, -0.0112057, -0.0935084, 0.0746287, -0.0476525, 0.00706252, -0.0952277, -0.0176509, -0.0500287, 0.0386337, 0.0208506, 0.11683, 0.0472914, -0.0279039, 0.0151145, -0.143993, 0.0145256, -0.215669, -0.129003, -0.0811488, -0.0678068, 0.00835471, 0.122765, 0.0695888, 0.0484875, -0.00436963, -0.0408253\n# -0.0156638, -0.0321483, 0.0154493, -0.00450709, 0.0275322, -0.00109719, -0.0636947, -0.0355964, -0.0783557, 0.767226, 0.00491353, -0.0558864, -0.0788434, -0.0680999, 0.0973905, -0.0239345, -0.00979059, 0.0148459, 0.0291391, -0.00455857, -0.00452326, 0.00011226, -0.0306757, -0.0342972, -0.0054759, -0.065541, 0.187613, 0.022697, -0.0493827, -0.0126955, 0.0180609, 0.0701335, 0.0808675, -0.119401, 0.106076, -0.0761013, -0.0309301, -0.0471779, 0.00417923, -0.0164188, 0.142101, 0.152924, 0.0510157, -0.0954605, -0.0262846, 0.0113767, 0.190889, -0.0923177, -0.137333, -0.00310745, -0.062672, -0.148656, -0.0651484, -0.0844333, 0.0254923, -0.0556121, -0.0875447, -0.0552691, -0.00177201, 0.00697189, -0.00123475, 0.0429132, 0.0268989, 0.0969451, 0.180699, 0.0619746, 0.127117, -0.00203031, -0.0805778, -0.0962481, -0.0320774, 0.0774417, 0.0825564, 0.0222443, -0.106752, -0.0492863, 0.0921653, -0.0619466, -0.0982599, 0.087895, -0.101198, 0.029537, -0.0211372, 0.072366, 0.0881507, 0.184693, 0.116098, 0.021388, 0.0985339, 0.01755, -0.0014188, 0.0077984, 0.00104541, 0.0457586, -0.0190787, 0.0721271, 0.0264128, 0.136784, -0.0381222, 0.0300886, -0.00104328, 0.060209, 0.0942151, 0.0579541, 0.149066, -0.00909442, -0.010745, 0.0743198, -0.0213558, 0.0241758, -0.0827895, 0.047501, 0.0296397, 0.0020571, -0.15872, -0.0159078, -0.00620475, 0.080684, -0.0659071, -0.0635813, 0.13305, -0.0704444, 0.0884791, -0.0758634, -0.0588144, 0.000151528, -0.0301671, 0.094234, -0.0669337, -0.0281262, 0.0813292, 0.00426725, -0.102447, 0.0184557, -0.0201715, 0.1015, 0.0138881, -0.106262, -0.0364532, -0.000135373, -0.0748952, 0.149146, 0.0640831, 0.138158, 0.0657773, 0.165576, -0.0274325, 0.039189, -0.0220166, 0.0939484, -0.158891, -0.0300165, -0.0203669, -0.0169307, -0.133159, 0.0186176, 0.0405908, -0.102003, 0.0670594, 0.0918206, -0.0495765, 0.0750492, -0.0751993, 0.00754229, 0.121587, 0.0275523, -0.0183429, 0.00832772, -0.00285805, 0.129083, 0.0364096, -0.0872217, 0.00363496, -0.0368403, 0.115755, 0.0160889, -0.0606742, -0.0216962, 0.030336, -0.0214383, -0.0364131, 0.0162103, -0.00995179, -0.0100423, 0.108441, 0.0311275, -0.0353951, -0.0854403, 0.119315, 0.0542039, 0.0540089, -0.0255224, 0.152972, 0.0882944, 0.0843392, 0.0257561, -0.0318331, -0.0466889, -0.0931831, 0.0386117, 0.0408156, -0.0247221\n# -0.032442, 0.0581686, -0.0790085, 0.0306006, -0.0976111, -0.00075887, 0.03135, 0.0303157, -0.0478014, 0.00491353, 0.297696, 0.00248293, -0.00561508, 0.106967, -0.0433834, 0.032021, 0.0572532, 0.0167585, 0.0319418, -0.0245553, 0.00172467, 0.0661068, 0.00276141, -0.0166685, -0.00582214, 0.0400533, 0.00380137, 0.296175, 0.105177, -0.095668, -0.0282379, 0.00631287, 0.0435051, -0.020359, 0.0166002, 0.0229718, -0.0296232, 0.0819292, 0.00948734, -0.0185141, -0.0160085, -0.0765209, 0.00379416, -0.0446071, 0.035912, 0.035373, -0.0554449, 0.0478042, 0.00146015, -0.0300614, -0.0611796, 0.037204, -0.0134038, 0.0346838, 0.0408358, 0.00977912, 0.0627399, 0.0306489, -0.00383972, -0.0123875, -0.00587443, 0.00632721, 0.0184101, 0.0252925, -0.0329406, -0.0600056, -0.0726326, -0.0158955, -0.00610911, 0.0208048, -0.0236221, -0.00583, -0.0801764, 0.0310622, -0.0427723, -0.038357, -0.0789507, 0.0063202, 0.00214721, -0.0120003, -0.00210838, -0.026097, -0.0425043, -0.0103886, -0.0393977, -0.0696969, -0.0397084, -0.00776189, -0.0104164, 0.0219373, -0.00706222, 0.00571446, -0.0114291, 0.00593686, 0.0712608, -0.0610528, -0.0151592, -0.0457386, 0.07943, -0.0484241, 0.00479811, -0.00410162, 0.0749858, -0.0058737, -0.0216392, -0.0544489, 0.031063, 0.0276647, 0.0283289, 0.0300164, 0.0211966, 0.0391547, 0.0520312, -0.0217283, -0.0154151, -0.062841, -0.00688267, 0.00577004, 0.0204145, -0.0261778, -0.019759, 0.0266814, -0.00996721, -0.0346008, 0.0353798, 0.0274843, -0.00190295, -0.00951645, -0.0514641, 0.0224443, -0.064666, 0.0129825, 0.0562526, 0.0140455, 0.0557922, -0.0314339, 0.0541613, -0.0201729, -0.0375777, 0.0155002, -0.0284326, -0.00503658, 0.0250185, -0.0183409, 0.0242149, -0.0251683, -0.0131233, 0.01302, -0.00312972, -3.90929e-05, 0.0370266, -0.010864, 0.0870676, 0.0317884, -0.0087327, 0.00633919, -0.000460643, 0.0728042, -0.00904073, -0.0596996, -0.0228839, 0.0509597, 0.0144276, -0.0140328, -0.0179659, -0.0136087, 0.0417187, 0.0196792, -0.0245016, -0.0179095, -0.0241842, -0.00708016, -0.0226761, 0.00256265, 0.023633, -0.0321542, -0.0228562, 0.0111705, 0.0133457, 0.0309511, -0.0323209, 0.00535033, -0.0112841, 0.0305319, -0.0331311, 0.00738611, -0.0197839, 0.0590598, 0.0440183, -0.0732409, 0.0118102, 0.0135833, -0.0322587, -0.0234626, 0.0179078, 0.00518027, 0.0225551, -0.0386512, 0.032424, -0.0303599, 0.0312567, -0.027435\n# 0.00221822, 0.0788983, -0.0670003, 0.0225058, -0.0668151, 0.000503168, 0.107494, -0.0205464, 0.0798971, -0.0558864, 0.00248293, 0.389382, -0.0393123, 0.0233694, -0.0059982, 0.056542, 0.0426015, -0.000346864, 0.0611921, 0.0149437, 0.00402149, -0.0324007, 0.00228907, -0.0048267, 0.00650823, -0.0153502, -0.00432006, -0.00205944, 0.00465284, 0.00848471, 0.0635557, -0.0320828, -0.0804222, 0.0243156, -0.0025115, 0.0033603, 0.0985944, -0.0152817, -0.0397727, 0.0446362, -0.122976, 0.00168344, -0.0287507, -0.028935, -0.00498321, 0.105301, -0.0604898, 0.068888, 0.0936611, -0.0151717, 0.0841264, -0.0342705, 0.00283745, 0.0303249, -0.0210952, -0.0207319, 9.95112e-05, 0.0122765, -0.0169862, 0.00609304, -0.0305512, 0.00361922, -0.0485406, -0.0373609, -0.0690686, -0.0494692, -0.0774006, 0.0366177, 0.000764686, 0.0657375, -0.0248789, 0.0169327, -0.0151603, -0.0477302, 0.0827608, 0.0467142, -0.127685, -0.0445555, 0.0477015, -0.00619426, 0.0754955, -0.0442818, -0.0310792, -0.05539, -0.0696743, -0.0805428, -0.00462224, 0.00583102, -0.0529231, 0.01056, 0.0135563, -0.0718482, -0.0704678, 0.0122951, 0.0279141, -0.0559006, -0.0234081, -0.0355527, 0.0714363, 0.00576107, -0.00971064, 0.0739243, -0.0578595, -0.0689899, -0.00450084, -0.0294426, 0.0435041, 0.0346386, 0.00821935, -0.0289549, 0.0459966, 0.0355309, 0.0165444, -0.00280031, -0.0482772, -0.0272722, -0.00538815, 0.0795581, 0.0248171, 0.0285284, -0.0919716, 0.00860058, -0.0331085, 0.0130674, -0.042068, -0.108642, 0.00362275, -0.106606, 0.0559767, 0.0559403, 0.0359413, -0.00844401, 0.0328879, 0.0318291, 0.000956974, -0.0879315, 0.00276994, 0.00361584, 0.00959917, -0.0999857, -0.0225934, -0.0626998, 0.0621327, -0.0202499, -0.0573028, -0.0892934, 0.0444495, -0.103169, -0.0948498, -0.124506, 0.0556779, -0.00158963, 0.114604, -0.0842268, 0.0760942, 0.0795665, -0.102971, 0.0610188, -0.0341757, -0.0127932, 0.0663704, 0.0326058, 0.0502178, 0.00890318, 0.0135245, -0.0685629, 0.0750513, -0.0937673, 0.0288634, 0.00693439, -0.0560312, 0.00547999, -0.0172623, 0.0254873, -0.00808623, 0.0582081, 0.0285751, -0.0661444, -0.0604854, 0.0298014, -0.0158063, -0.111539, 0.020967, -0.0437476, 0.0761036, -0.0369565, 0.0401713, 0.140087, 0.0121134, -0.0393942, -0.0678718, -0.0402811, -0.102516, -0.0608132, -0.0440597, -0.0927458, 0.048775, 0.0163958, 0.0544395, 0.0150808, 0.00146072, 0.0402831\n# 0.0682233, -0.0745025, 0.0980985, -0.0272372, -0.0562156, -0.000789134, -0.138539, 0.0612356, -0.0319759, -0.0788434, -0.00561508, -0.0393123, 0.379154, -0.000179161, -0.0811586, -0.0454334, 0.045937, -0.0267278, -0.031724, -0.027548, 0.0310846, 0.0580469, 0.0143478, 0.0647913, -0.00702841, 0.019411, -0.0330444, -0.00721685, -0.051597, -0.01239, -0.0653016, 0.24223, 0.105137, 0.111935, -0.0319622, -0.0116775, -0.104984, 0.0798277, -0.0759329, -0.0370081, 0.0544562, -0.118166, -0.0659555, -0.0519906, 0.0960054, 0.0257081, 0.0106588, -0.10179, 0.0483379, -0.0433488, 0.0400246, 0.0763474, -0.0456113, -0.00954176, 0.040972, 0.0254021, 0.02141, 0.0148279, -0.0601224, 0.0327011, 0.0551684, -0.0559434, -0.0431436, 0.0365641, -0.0222695, -0.0188554, -0.091509, -0.223848, 0.0266193, 0.00761401, 0.042804, -0.00639719, -0.0207718, 0.0218244, -0.0656767, -0.00272547, 0.0781119, 0.0178971, -0.0101854, -0.0488804, -0.00563475, 0.00822828, 0.01167, -0.036389, -0.0751411, -0.0284666, -0.0518549, -0.0148422, 0.0414339, 0.056401, 0.00809611, -0.0612045, -0.0235888, -0.0208827, 0.0216259, -0.0159003, -0.0212828, -0.0932611, 0.0171147, -0.0115774, 0.0121337, 0.00353718, 0.0151348, 0.016259, -0.0739944, -0.0535412, 0.00136172, -0.0158553, 0.0491074, 0.0624429, 0.0366048, -0.0351237, -0.0845168, -0.0309794, 0.0604512, 0.0220093, 0.0825206, -0.0969802, 0.0494005, -0.0660569, 0.00773267, -0.0220605, -0.0257461, -0.0339221, 0.0296898, 0.0295243, 0.0414542, 0.00414514, -0.0917094, -0.026753, -0.122719, -0.0248522, 0.02841, 0.0257246, 0.0253315, -0.0277789, 0.00800152, 0.0144448, -0.0845803, -0.0155436, 0.0383166, -0.049793, 0.0123152, -0.0594137, -0.00673455, 0.00141499, 0.0138767, 0.056381, -0.0246962, -0.0129619, 0.0439527, -0.00185669, -0.0602355, -0.00595916, -0.034257, -0.0354045, 0.0822786, -0.0722125, -0.00133166, 0.024341, -0.0759846, -0.0313601, 0.0369453, 0.0426911, -0.00664727, -0.0309073, 0.0361652, -0.0106761, -0.0341748, 0.0510446, 0.0630216, -0.0836079, 0.0445681, -0.0167207, 0.0217487, -0.0322726, -0.110755, 0.0476064, 0.0358752, -0.0109805, -0.0387873, -0.0132369, -0.0193101, 0.0127177, -0.0782248, 0.0648728, -0.0316586, -0.0951939, -0.00472085, -0.00182709, -0.0917387, -0.0205721, 0.0260079, -0.0523631, 0.0538633, -0.0327976, -0.024914, -0.0112426, -0.0224149, -0.0060075, -0.0785379, 0.0193725\n# -0.116873, 0.0480762, -0.138012, 0.143812, -0.0733547, -0.00183315, 0.0493707, 0.0934485, 0.0366959, -0.0680999, 0.106967, 0.0233694, -0.000179161, 0.520015, -0.107276, 0.0371965, 0.0300584, -0.042678, 0.0808664, -0.0133568, 0.00652301, 0.0569047, 0.022024, -0.0237628, 0.00339907, -0.0167239, -0.0048872, 0.100059, 0.112618, -0.0608766, 0.0131604, -0.00926634, 0.0914904, 0.0447526, -0.049575, 0.0443977, 0.00525275, 0.057107, 0.00128825, -0.171132, -0.0538222, -0.115828, -0.0939869, -0.0999062, 0.0381231, 0.0113217, -0.13308, 0.0526145, 0.0907254, -0.147351, 0.0619784, 0.0469937, 0.0348502, 0.0289797, 0.0196855, 0.0480155, 0.00440467, 0.0537427, 0.0412273, -0.010409, 0.0164599, 0.0409235, 0.0269494, -0.0797955, -0.0442978, -0.0591799, -0.151344, 0.0248652, 0.0904285, -0.0787689, -0.0094545, 0.0426955, -0.137192, -0.0490814, -0.0155674, -0.0191911, -0.064309, 0.0329725, -0.0217125, 0.0260423, 0.0518125, -0.0485863, 0.0280987, -0.0511286, 0.0408688, -0.052645, 0.0477189, -0.0244235, -0.07264, 0.0179388, -0.0104116, -0.115914, -0.0411546, -0.0691941, 0.0271799, -0.043869, 0.0157859, -0.0694356, 0.0617975, -0.070743, -0.00359984, -0.0330926, 0.0130629, -0.0642085, -0.0194096, -0.0974173, 0.0333285, 0.00919587, 0.0353218, 0.0129367, 0.0465873, -0.000155315, -0.0231914, -0.0532469, -0.0727513, -0.00841641, -0.0786199, 0.0267954, 0.016636, 0.00787551, -0.0432934, 0.0189554, -0.00493059, 0.0838732, 0.0257406, 0.0224289, -0.0109932, -0.0552281, 0.0281876, 0.0430288, -0.0514461, 0.0496491, 0.0703044, 0.0367676, 0.104146, -0.0945005, 0.0585752, 0.0410209, -0.0891328, -0.00783099, 0.00148249, -0.0868134, 0.0390065, -0.094231, -0.00977754, -0.08184, 0.0617102, -0.00150478, -0.1641, -0.0624583, 0.0922682, 0.0259275, 0.128576, -0.0170436, 0.0257809, -0.0169551, -0.0639238, 0.0578453, -0.0286839, -0.0329345, -0.0543274, -0.111719, 0.0717825, 0.0333415, -0.0305454, -0.0349821, 0.0253311, 0.00200858, -0.0314996, 0.013031, -0.0110342, 0.0255218, -0.127759, 0.0882372, -0.0770311, -0.00957721, -0.0830891, 0.023877, 0.0629316, -0.0501863, -0.0409357, -0.0224289, 0.00780039, 0.00882758, -0.0606559, 0.0584753, -0.0141653, 0.0803439, -0.0202609, -0.0582913, -0.0901692, 0.0584185, -0.0981781, -0.0869735, -0.073348, 0.00970235, 0.0320253, 0.0179813, 0.0322127, -0.0835952, -0.0866708, 0.0491394\n# 0.151816, -0.102084, 0.225594, 0.142251, 0.223466, 0.00039525, 0.0279409, -0.224888, -0.0263071, 0.0973905, -0.0433834, -0.0059982, -0.0811586, -0.107276, 0.657792, -0.0394082, -0.067091, 0.0168636, -0.0763072, 0.0904773, -0.0255994, -0.0358905, -0.081956, -0.0578344, 0.00126066, -0.0503163, 0.0211341, -0.0221187, -0.141119, -0.000566178, 0.0971326, -0.0366291, -0.175078, -0.19266, 0.0467043, -0.127191, 0.0207864, -0.0926998, 0.156148, 0.19592, -0.0272183, 0.249267, 0.0855312, 0.0435136, -0.11134, -0.110784, 0.123037, -0.103183, -0.286726, 0.324003, -0.141704, -0.231033, -0.0259175, -0.0334784, -0.00714453, -0.0294907, -0.0758884, -0.0935012, 0.013122, -0.0280097, -0.0169246, -0.020251, 0.0604106, 0.0697642, 0.0736453, 0.108344, 0.30458, 0.0508968, -0.102356, -0.0243891, -0.0302539, -0.0540072, 0.243755, -0.0809628, 0.0477978, 0.000573078, 0.106409, -0.0674578, -0.0592002, 0.0758861, -0.0314499, 0.00276356, -0.0808136, 0.126159, -0.129541, 0.211006, -0.0277155, -0.0398037, 0.016154, -0.0616205, 0.10519, 0.147829, -0.00159971, 0.0741386, -0.079052, 0.145874, -0.0537049, 0.168681, -0.031235, 0.0565538, 0.0561192, 0.044981, 0.111414, 0.0119355, 0.0527063, 0.103976, -0.0262145, -0.0471294, -0.0060278, -0.0803125, -0.0654812, 0.00796949, 0.0297369, 0.117415, -0.0871981, 0.0521385, 0.0319087, 0.0323394, -0.123139, 0.189642, 0.140422, -0.000951989, 0.185409, -0.20889, -0.0465253, -0.0815712, -0.019982, 0.0471839, 0.0131476, -0.104377, 0.246703, 0.0218453, -0.185677, -0.0753437, -0.0776843, 0.0825297, 0.041661, -0.0918557, 0.0869941, -0.0334927, -0.0550829, 0.124445, -0.00810215, 0.085905, -0.0689916, 0.120668, -0.0615141, -0.0700307, 0.0665223, 0.15918, -0.193332, -0.000288414, -0.182855, -0.00232113, -0.0147864, -0.0295486, -0.103714, -0.0789708, 0.0673119, 0.1456, 0.179039, 0.179392, -0.151802, -0.151287, 0.164973, -0.0986869, -0.047272, 0.00774361, 0.0748688, 0.0682199, -0.109383, -0.047674, 0.0326644, 0.01531, 0.0576093, -0.0249377, -0.00670467, 0.0111909, -0.186584, -0.108709, 0.0333289, 0.00122605, 0.0302305, -0.042282, 0.154093, -0.0070666, 0.0575143, -0.146041, -0.0739678, 0.118038, 0.0968948, -0.0308502, 0.0987119, 0.0109434, 0.0110396, 3.89188e-06, -0.00123316, 0.038726, -0.0655451, 0.176636, 0.00699266, 0.0665458\n# -0.0355995, 0.192111, -0.1993, 0.0128272, -0.00532551, -0.00147888, 0.156343, 0.0872821, 0.0669876, -0.0239345, 0.032021, 0.056542, -0.0454334, 0.0371965, -0.0394082, 0.516453, 0.0027931, 0.0184498, 0.0933023, 0.0159851, 0.0048421, -0.0402993, 0.0983514, -0.0871073, 0.00511173, -0.0169538, 0.00798645, 0.0212416, 0.121174, -0.0293038, 0.00139665, -0.0747845, -0.111188, 0.0317181, 0.0941382, 0.0540361, 0.230047, 0.00738087, -0.0074011, 0.00895483, -0.151751, -0.114601, -0.0843641, -0.0379789, -0.0218821, -0.0329511, -0.107908, 0.137587, 0.0923996, -0.066397, 0.168448, 0.0559993, 0.053822, 0.108936, 0.0288037, -0.0254169, 0.00214443, 0.0530998, 0.0110032, 0.0668585, -0.0106525, 0.0362478, -0.0593247, -0.0989397, -0.105165, 0.0268178, -0.0491295, 0.0134547, 0.00988296, 0.0973502, -0.0190054, 0.046115, -0.143631, -0.125498, 0.0875349, 0.0674473, -0.224189, -0.0254034, 0.0968385, 0.0184809, 0.0743096, -0.0269661, 0.0578511, -0.120351, -0.0625153, -0.0882967, 0.00223992, 0.0240156, -0.0336, 0.0620692, -0.0046657, -0.0536318, -0.0533935, -0.0845583, 0.0850017, -0.0918483, -0.073242, -0.0816207, 0.0996204, -0.0273992, -0.0173651, 0.0452624, -0.0384624, -0.0605939, 0.00518018, -0.04541, 0.0499664, -0.00968292, -0.0304782, -0.0480116, 0.0790715, 0.0656331, 0.0373783, -0.0820499, -0.00109484, 0.0319027, 0.0380884, -0.0113825, 0.0596946, 0.0884253, -0.16648, 0.0847598, -0.0450112, 0.0500123, 0.0333677, -0.0148743, -0.0239291, -0.11635, 0.145131, 0.161899, -0.0484688, -0.0082402, 0.167398, 0.0467535, 0.104657, -0.135931, 0.0262878, -0.0445807, 0.0418085, 0.0120776, -0.0749545, -0.166432, -0.0161162, -0.0668051, 0.055389, -0.0156008, -0.0424139, -0.106437, -0.206764, -0.128918, -0.00294315, 0.0255464, 0.124486, -0.0223421, 0.0456413, 0.116969, -0.0817776, 0.0819521, 0.0260581, -0.066723, 0.0824732, -0.0308842, 0.0362966, -0.0276907, -0.000797206, 0.0467564, 0.0360772, 0.00134066, -0.00666942, -0.0818571, -0.0630942, 0.0709279, -0.0866524, -0.0925502, -0.0333423, 0.0469252, 0.0178048, -0.0540205, -0.0128998, -0.0439409, -0.00211012, -0.0216939, -0.00117072, -0.0365491, 0.0994906, -0.0632243, 0.0778823, 0.249247, 0.0603474, -0.0541234, -0.0881536, 0.076274, -0.160639, -0.100644, -0.0812271, -0.0253823, 0.0371425, 0.0111025, 0.100686, -0.060202, 0.0463475, -0.0815186\n# -0.0591532, 0.0798768, -0.0917614, -0.00419189, -0.0878389, -0.00258317, -0.0817261, 0.105306, -0.0340742, -0.00979059, 0.0572532, 0.0426015, 0.045937, 0.0300584, -0.067091, 0.0027931, 0.767165, -0.019918, -0.00449696, -0.0422551, -0.00640418, 0.0248494, 0.0183288, 0.0365429, -0.00827116, -0.050174, 0.0299031, 0.0458549, 0.0359561, -0.000408921, 0.10908, 0.0226526, 0.179133, 0.073979, 0.0513812, 0.0903504, 0.0284316, -0.0357363, -0.0449958, -0.162981, -0.0345896, -0.0625722, 0.0160138, 0.00372657, -0.0221355, -0.00547107, -0.0619978, 0.191817, 0.161037, -0.239133, 0.105321, 0.136546, 0.0758443, 0.067247, 0.00497588, -0.00170247, 0.0485615, 0.0886944, 0.0278823, -0.0459836, 0.0171616, -0.0592511, 0.0149108, -0.0246962, -0.10442, -0.0216592, -0.1548, -0.0556054, 0.0440977, -0.0225915, 0.0365842, 0.0688006, -0.0736148, -0.0810434, 0.182154, -0.0279293, -0.125736, 0.0341966, 0.0744861, 0.00401541, 0.0445083, -0.0339864, 0.0646903, -0.146734, 0.00326866, -0.139125, -0.00951654, -0.0353214, -0.0787521, -0.0978413, -0.0212625, -0.0897895, -0.0588285, -0.100251, -0.00136681, -0.133033, 0.0058212, -0.079446, 0.148184, -0.0627895, -0.0325546, 0.0374872, -0.0997611, 0.0478602, -0.00254188, -0.0242796, 0.0768328, 0.0401518, 0.0346353, 0.0599854, 0.0391325, 0.0507279, -0.132019, -0.0507759, -0.0101198, -0.0352629, -0.0991918, 0.0321749, -0.0563324, 0.0124589, 0.0115671, 0.036707, -0.0314192, 0.0941241, 0